MeshAnim
1
68
52
30
-0.007140318 -0.9993646 -0.03492717 0
0.9999745 -0.007144678 -5.292747E-08 0
-0.0002495484 -0.03492622 0.9993901 0
12.30841 5.990005 5.991093 1

-0.02744113 -0.9927124 -0.1173434 0
0.9996167 -0.02768212 0.0004240675 0
-0.003669348 -0.1172867 0.9930915 0
12.30977 6.180723 5.997759 1

0.07705592 0.3398401 -0.9373215 0
0.9969298 -0.03937239 0.06768116 0
-0.0139038 -0.9396591 -0.3418307 0
12.08186 5.991552 5.993097 1

-0.1320941 0.984354 0.1166149 0
0.9880963 0.1401191 -0.06350057 0
-0.07884691 0.1068386 -0.9911455 0
12.53496 5.988314 5.993097 1

-0.04737864 -0.9788638 -0.1989505 0
0.9988387 -0.0481727 -0.000850121 0
-0.008751883 -0.1987597 0.9800094 0
12.32071 6.576598 6.044553 1

0.01818349 0.9502944 0.3108229 0
0.9988997 -0.003825384 -0.04674131 0
-0.04322888 0.3113307 -0.9493182 0
12.04016 5.80767 6.500268 1

-0.009077976 0.4793819 0.8775598 0
0.9997308 -0.01438721 0.01820099 0
0.02135085 0.8774889 -0.4791222 0
12.60643 5.455696 5.929998 1

-0.01004602 -0.4189793 -0.9079405 0
0.9997097 -0.02409002 5.513725E-05 0
-0.02189543 -0.9076765 0.4190996 0
12.34094 6.993449 6.188065 1

0.9642555 -0.1835535 0.191101 0
0.2300273 0.2218794 -0.9475535 0
0.1315254 0.9576422 0.2561707 0
12.33659 6.904641 6.111227 1

-0.8976167 0.08331592 -0.432831 0
-0.440767 -0.176296 0.880139 0
-0.002976908 0.9808053 0.194969 0
12.33659 6.904641 6.111227 1

0.06947103 0.6807594 -0.7292057 0
0.9971756 -0.06830302 0.03123516 0
-0.02854327 -0.729316 -0.6835818 0
12.03229 5.396005 6.36562 1

-0.04957861 0.9497623 -0.309021 0
0.9985895 0.04125083 -0.03342891 0
-0.0190021 -0.3102426 -0.9504679 0
12.61036 5.248029 5.549843 1

-2.379158E-05 -0.9972353 -0.07431351 0
0.9999998 1.775103E-05 -0.0005582816 0
0.0005580002 -0.07431344 0.9972351 0
12.34343 7.097353 6.413227 1

0.2175859 0.3467793 0.9123602 0
-0.6596166 0.7412318 -0.1244249 0
-0.719418 -0.574735 0.3900229 0
11.93093 6.981862 6.03083 1

-0.5643764 0.8201634 -0.09387174 0
-0.7879186 -0.5691045 -0.2351696 0
-0.2463004 -0.05876099 0.9674109 0
12.71422 6.869589 6.29332 1

0.06120488 -0.2742266 -0.959716 0
-0.9981036 -0.01043423 -0.06067153 0
0.006623864 0.961609 -0.2743449 0
12.00711 5.149274 6.62991 1

-0.09872653 0.002309072 -0.9951123 0
-0.9947087 0.0283363 0.09875233 0
0.02842576 0.9995962 -0.0005004392 0
12.62833 4.903801 5.661843 1

-0.0005396516 0.2900335 -0.9570165 0
-0.9999998 -1.676616E-05 0.0005588708 0
0.0001460315 0.9570169 0.2900334 0
12.34339 7.000603 6.339854 1

0.744708 0.6621952 0.08311498 0
-0.6333405 0.7404827 -0.2248678 0
-0.2104514 0.1148208 0.9708383 0
11.81497 6.797053 5.544605 1

-0.1558221 0.2683973 -0.9506226 0
-0.8401761 -0.5420971 -0.01533639 0
-0.5194458 0.7963006 0.3099715 0
13.01499 6.432499 6.343347 1

0.2581678 0.9587035 0.1193234 0
-0.3098578 -0.03481711 0.9501456 0
0.9150617 -0.2822701 0.2880729 0
11.43593 6.460007 5.502302 1

-0.1603988 0.4848115 -0.8597853 0
0.505537 -0.7077936 -0.4934183 0
-0.8477647 -0.5137969 -0.1315607 0
13.09431 6.295889 6.827198 1

-0.8680348 0.4720838 -0.1537963 0
-0.06677699 0.1959407 0.9783399 0
0.4919932 0.859503 -0.1385589 0
11.30865 6.16306 5.594456 1

0.0640812 0.8176843 -0.5720901 0
0.9047711 0.1942681 0.3790112 0
0.42105 -0.5418978 -0.7273681 0
11.48027 6.358565 5.639285 1

-0.9098985 0.3631977 -0.2004309 0
-0.2510327 -0.09743105 0.9630631 0
0.3302541 0.9266044 0.1798269 0
11.33072 6.153094 5.498403 1

-0.8888764 0.3412441 -0.3056982 0
-0.3603942 -0.1088313 0.9264301 0
0.2828692 0.9336535 0.21972 0
11.36895 6.161353 5.417443 1

-0.8089417 0.1972893 -0.5537969 0
-0.5877263 -0.2935762 0.7539175 0
-0.0138416 0.9353561 0.3534381 0
11.42567 6.18782 5.342264 1

0.7364166 0.6765289 -0.0003130042 0
0.6632681 -0.7220733 -0.1966892 0
-0.1332916 0.1446376 -0.9804663 0
13.07922 6.247612 7.159329 1

0.4674557 0.1091748 -0.8772496 0
0.8594542 0.1761725 0.4798981 0
0.20694 -0.9782871 -0.01147788 0
12.95268 6.291275 6.931803 1

0.7875217 0.6092778 0.09268631 0
0.5604557 -0.6454812 -0.5188876 0
-0.2563192 0.460582 -0.8498033 0
13.13504 6.173387 7.124876 1

0.8496575 0.5232677 0.06537249 0
0.4621533 -0.6791882 -0.5701916 0
-0.2539622 0.5146799 -0.8189069 0
13.17085 6.109502 7.072721 1

0.9665227 0.2494412 0.06011249 0
0.2027494 -0.5989012 -0.774733 0
-0.1572487 0.7609847 -0.6294252 0
13.19203 6.049202 6.998658 1

-0.7573176 -0.6519903 -0.03715017 0
-0.1726714 0.1450542 0.9742406 0
-0.6298059 0.744224 -0.2224319 0
11.38934 6.119177 5.608752 1

-0.001788909 0.8894714 0.4569887 0
0.7950889 -0.2758947 0.5401074 0
0.6064906 0.3643128 -0.7067153 0
11.473 6.265775 5.704206 1

-0.6040187 -0.7957464 -0.04416513 0
-0.07443797 0.001155292 0.9972254 0
-0.7934867 0.60563 -0.05993144 0
11.41178 6.120741 5.516257 1

-0.5690979 -0.8073961 -0.1556933 0
-0.08995031 -0.1270804 0.9878058 0
-0.8173352 0.5761626 -0.0003041849 0
11.44478 6.132244 5.443521 1

-0.6035039 -0.7578422 -0.2479099 0
-0.2880224 -0.08272721 0.954044 0
-0.7435231 0.6471726 -0.1683493 0
11.48663 6.172953 5.383997 1

0.4606141 0.02419882 0.8872707 0
0.5955219 -0.7496669 -0.2887111 0
0.6581706 0.6613737 -0.359718 0
13.01076 6.184724 7.159358 1

-0.2469494 0.7876311 -0.5644947 0
0.9552985 0.2955931 -0.005477942 0
0.1625463 -0.5406135 -0.8254189 0
12.89963 6.278886 7.031353 1

0.3497516 -0.1505176 0.9246725 0
0.6923419 -0.6234092 -0.3633523 0
0.6311396 0.7672725 -0.1138287 0
13.06489 6.119113 7.116619 1

0.4084256 -0.2419887 0.8801312 0
0.6883097 -0.5516443 -0.4710832 0
0.5995156 0.798205 -0.05874267 0
13.09837 6.064865 7.067144 1

0.5048456 -0.2472795 0.8270336 0
0.5277953 -0.6697084 -0.5224215 0
0.683055 0.7002463 -0.2075863 0
13.11919 6.030405 6.994128 1

0.3240131 -0.9436118 0.06792514 0
-0.1118575 0.03308367 0.9931739 0
-0.939417 -0.3293993 -0.09483041 0
11.45352 6.174433 5.6119 1

-0.2673437 0.004742975 0.96359 0
0.7580014 -0.6163776 0.213338 0
0.5949468 0.7874371 0.1611893 0
11.47318 6.17893 5.659587 1

0.52827 -0.8358912 0.1490558 0
-0.0541023 0.1420556 0.9883795 0
-0.8473515 -0.5301955 0.02982008 0
11.46797 6.194764 5.520365 1

0.5233622 -0.829638 0.1944063 0
-0.1669543 0.1238868 0.978151 0
-0.835595 -0.5443842 -0.07367398 0
11.49256 6.200039 5.456594 1

0.2041001 -0.9271764 0.3141464 0
-0.1524822 0.2868753 0.945755 0
-0.967002 -0.2409307 -0.08282666 0
11.52926 6.226485 5.401508 1

-0.3618442 -0.6954657 0.6208035 0
0.6613188 -0.6608518 -0.354871 0
0.657059 0.282141 0.6990495 0
12.97173 6.182673 7.084163 1

-0.5395379 0.7147827 0.4449561 0
0.7228975 0.6641997 -0.1904181 0
-0.4316466 0.21892 -0.8750749 0
12.92374 6.201983 7.086469 1

-0.5459872 -0.7004478 0.4596436 0
0.6846609 -0.6892372 -0.2370496 0
0.4828439 0.1852737 0.8558834 0
13.03236 6.133114 7.030602 1

-0.5758275 -0.6676107 0.4719324 0
0.6043894 -0.7363303 -0.3041913 0
0.5505789 0.1100692 0.827495 0
13.06408 6.085184 6.993241 1

-0.4640545 -0.4747971 0.7478118 0
0.5730458 -0.8046754 -0.155297 0
0.6754795 0.3564641 0.645493 0
13.08353 6.047872 6.935709 1

-0.000759512 -0.999306 -0.03724818 0
0.9999997 -0.0007600414 -7.658369E-09 0
-2.836194E-05 -0.03724818 0.9993062 0
12.3044 5.967785 6.023983 1

-0.02787825 -0.9924311 -0.1195982 0
0.9996091 -0.02792767 -0.001263296 0
-0.002086421 -0.1195866 0.9928218 0
12.30455 6.158492 6.031092 1

0.07353216 0.3057593 -0.9492656 0
0.9971465 -0.03884359 0.06472956 0
-0.0170812 -0.9513166 -0.307743 0
12.07784 5.96788 6.025987 1

-0.1428654 0.9807691 0.1329743 0
0.9860137 0.1526876 -0.06681015 0
-0.08582877 0.1215697 -0.9888654 0
12.53096 5.967536 6.025987 1

-0.0547141 -0.9780481 -0.2010688 0
0.9984817 -0.05487777 -0.004764396 0
-0.006374451 -0.2010242 0.9795657 0
12.31566 6.554255 6.078785 1

0.02486777 0.9637679 0.2655826 0
0.9989289 -0.01358581 -0.04423335 0
-0.03902241 0.266398 -0.9630734 0
12.03806 5.802439 6.53962 1

-0.007530837 0.4269212 0.9042578 0
0.9998461 -0.01111123 0.01357274 0
0.01584191 0.9042209 -0.4267718 0
12.60826 5.436857 5.954037 1

-0.0166028 -0.435873 -0.8998553 0
0.9996133 -0.02731557 -0.005212307 0
-0.02230818 -0.8995938 0.4361579 0
12.33924 6.970618 6.223199 1

0.9650931 -0.1813366 0.1889776 0
0.2275995 0.2236525 -0.9477227 0
0.1295915 0.9576519 0.2571175 0
12.334 6.882024 6.146169 1

-0.9012654 0.08185524 -0.4254649 0
-0.4332534 -0.178165 0.883487 0
-0.003485003 0.9805903 0.1960379 0
12.334 6.882024 6.146169 1

0.07512472 0.6882631 -0.7215616 0
0.9969408 -0.06749502 0.03941531 0
-0.02157365 -0.7223154 -0.6912281 0
12.02729 5.384938 6.424571 1

-0.04651585 0.9604743 -0.2744562 0
0.9986992 0.03897242 -0.03287728 0
-0.02088149 -0.2756285 -0.9610378 0
12.61152 5.251916 5.562315 1

-0.0001407363 -0.9994049 -0.0345008 0
0.9999682 0.0001344527 -0.007973642 0
0.007973474 -0.03450079 0.9993731 0
12.34335 7.078712 6.446356 1

0.208947 0.3266785 0.9217498 0
-0.645992 0.753742 -0.1206975 0
-0.7341905 -0.5702236 0.3685238 0
11.92798 6.958313 6.066666 1

-0.5903146 0.8032454 -0.07953624 0
-0.7740185 -0.5912635 -0.2265021 0
-0.2289636 -0.07214499 0.9707581 0
12.71316 6.847587 6.325163 1

0.07042247 -0.2208247 -0.9727684 0
-0.9974875 -0.00803944 -0.07038698 0
0.007722687 0.9752811 -0.2208358 0
12.00006 5.135487 6.68609 1

-0.1006797 0.002560715 -0.9949161 0
-0.9944453 0.03059698 0.1007109 0
0.03069928 0.9995291 -0.0005337772 0
12.62838 4.903806 5.661788 1

-0.007751086 0.2516526 -0.9677869 0
-0.9999682 -0.0001334517 0.007974192 0
0.001877568 0.967818 0.2516455 0
12.34281 6.979114 6.3769 1

0.7620896 0.6431905 0.0743378 0
-0.6155502 0.7553315 -0.224884 0
-0.200793 0.1256232 0.9715458 0
11.81663 6.784215 5.575437 1

-0.1290096 0.219859 -0.9669638 0
-0.8263584 -0.5628659 -0.01772852 0
-0.5481682 0.7967714 0.2542975 0
13.02776 6.419513 6.36755 1

0.2570001 0.9590292 0.1192259 0
-0.3095767 -0.03517115 0.9502242 0
0.9154855 -0.2811173 0.2878538 0
11.42874 6.456842 5.537601 1

-0.1506955 0.4456609 -0.8824273 0
0.5317709 -0.7159363 -0.452389 0
-0.8333733 -0.5374221 -0.129101 0
13.09342 6.307608 6.859719 1

-0.8686621 0.4709943 -0.1535956 0
-0.06677732 0.1958909 0.9783499 0
0.4908848 0.860112 -0.1387113 0
11.30186 6.15974 5.629797 1

0.06291688 0.8177439 -0.572134 0
0.9046227 0.1954108 0.3787783 0
0.4215448 -0.541397 -0.7274548 0
11.47325 6.355461 5.674577 1

-0.9104016 0.3620544 -0.2002159 0
-0.2506703 -0.0977111 0.9631293 0
0.3291415 0.9270223 0.1797124 0
11.32392 6.149799 5.533739 1

-0.8893784 0.3401234 -0.3054881 0
-0.3600269 -0.109249 0.9265237 0
0.281758 0.9340138 0.2196171 0
11.36211 6.158103 5.452769 1

-0.8093261 0.1962597 -0.553601 0
-0.5871705 -0.294284 0.7540747 0
-0.01492173 0.9353504 0.3534094 0
11.41878 6.184638 5.377574 1

0.7216775 0.6921291 -0.0118267 0
0.6828495 -0.7145973 -0.1518816 0
-0.1135728 0.1015336 -0.9883283 0
13.07167 6.272594 7.193141 1

0.4852391 0.08365076 -0.8703714 0
0.8441595 0.2146293 0.4912533 0
0.2279008 -0.9731074 0.03353168 0
12.94954 6.304122 6.961243 1

0.7720311 0.6298782 0.0849855 0
0.5859289 -0.6535107 -0.4791787 0
-0.2462851 0.4197362 -0.8735939 0
13.12985 6.198283 7.163033 1

0.8365985 0.5442248 0.06263693 0
0.4895801 -0.6914563 -0.5312255 0
-0.2457952 0.475088 -0.8449123 0
13.16821 6.133135 7.114371 1

0.9593483 0.2730726 0.07129213 0
0.2333395 -0.6253546 -0.7446377 0
-0.1587571 0.7310021 -0.6636512 0
13.19237 6.070349 7.043352 1

-0.756512 -0.6529367 -0.0369385 0
-0.1726091 0.1448722 0.9742787 0
-0.6307906 0.7434294 -0.2223001 0
11.3826 6.115959 5.644074 1

-0.002785637 0.8894844 0.4569584 0
0.795568 -0.2748829 0.5399181 0
0.6058584 0.3650456 -0.7068793 0
11.46611 6.262664 5.739502 1

-0.6030357 -0.7965015 -0.04398698 0
-0.07419036 0.001096838 0.9972441 0
-0.7942573 0.6046368 -0.05975399 0
11.40502 6.117548 5.551574 1

-0.5681279 -0.8081113 -0.1555232 0
-0.08954507 -0.1271582 0.9878325 0
-0.8180544 0.5751417 -0.0001201014 0
11.43798 6.129088 5.478829 1

-0.6026187 -0.7586042 -0.2477329 0
-0.2876804 -0.08305392 0.954119 0
-0.7443733 0.6462379 -0.1681854 0
11.47977 6.169848 5.419293 1

0.4393046 0.07058363 0.8955615 0
0.6178567 -0.7474179 -0.2441731 0
0.6521236 0.6605948 -0.3719544 0
13.00459 6.208257 7.19424 1

-0.2504858 0.7582772 -0.6018913 0
0.9486691 0.3162512 0.003618282 0
0.1930925 -0.5700893 -0.7985703 0
12.89448 6.29463 7.060012 1

0.3313442 -0.1048792 0.9376633 0
0.713675 -0.6221918 -0.3217861 0
0.617155 0.7758086 -0.1313099 0
13.06107 6.142174 7.155463 1

0.3929664 -0.1967657 0.8982546 0
0.7106158 -0.5549884 -0.4324507 0
0.5836124 0.8082525 -0.07826696 0
13.09684 6.08671 7.109028 1

0.4906807 -0.2020776 0.8475834 0
0.5538809 -0.678581 -0.4824362 0
0.6726434 0.7061824 -0.2210396 0
13.12008 6.04977 7.03798 1

0.3252086 -0.9432041 0.06787647 0
-0.1116507 0.03297826 0.9932005 0
-0.9390285 -0.3305757 -0.09458423 0
11.44672 6.171294 5.647205 1

-0.2671086 0.004442683 0.9636565 0
0.758824 -0.6154231 0.2131697 0
0.5940031 0.7881851 0.1610135 0
11.46638 6.175817 5.694886 1

0.5293505 -0.8352261 0.1489524 0
-0.05403287 0.1420222 0.9883882 0
-0.8466815 -0.5312521 0.03004998 0
11.46111 6.191641 5.555665 1

0.5244464 -0.828977 0.1943044 0
-0.1668649 0.1237124 0.9781883 0
-0.834933 -0.5454298 -0.07344652 0
11.48569 6.196944 5.491888 1

0.205337 -0.9269102 0.3141271 0
-0.152604 0.2867174 0.9457832 0
-0.966721 -0.2421412 -0.08257643 0
11.52234 6.223434 5.436792 1

-0.3612717 -0.6774254 0.6407638 0
0.6832662 -0.6599367 -0.3124601 0
0.6345317 0.3249294 0.7012783 0
12.96736 6.202274 7.118342 1

-0.5647809 0.7201864 0.4029338 0
0.712834 0.6717596 -0.2015144 0
-0.4158021 0.1734132 -0.8927694 0
12.91893 6.220593 7.118779 1

-0.5414814 -0.6930619 0.4758831 0
0.7044696 -0.6829679 -0.1930763 0
0.4588266 0.2306979 0.8580547 0
13.03025 6.15193 7.068238 1

-0.5722897 -0.6604202 0.4861385 0
0.6267945 -0.7345306 -0.2599888 0
0.5287852 0.1559202 0.8343115 0
13.06384 6.103232 7.033604 1

-0.4710672 -0.4540823 0.7562446 0
0.5934678 -0.7974246 -0.1091357 0
0.6526041 0.3973967 0.6451232 0
13.08541 6.064045 6.978108 1

0.004834291 -0.9990082 -0.04426412 0
0.9999883 0.004839032 -1.911133E-08 0
0.0002141552 -0.04426365 0.9990199 0
12.30038 5.931494 6.055978 1

-0.02847819 -0.9915629 -0.1264604 0
0.9995942 -0.02834204 -0.002876291 0
-0.0007321802 -0.126491 0.9919676 0
12.29946 6.122144 6.064425 1

0.07079984 0.2863724 -0.9554991 0
0.9972794 -0.04002943 0.06189838 0
-0.02052207 -0.957282 -0.2884272 0
12.07383 5.930307 6.057981 1

-0.1578967 0.9784724 0.1328947 0
0.9829341 0.1686083 -0.07356595 0
-0.09438931 0.1190109 -0.9883963 0
12.52694 5.932499 6.057981 1

-0.061568 -0.9762627 -0.207655 0
0.9980931 -0.06114186 -0.008476089 0
-0.004421582 -0.2077809 0.9781655 0
12.31082 6.51756 6.114855 1

0.03233169 0.9728794 0.2290432 0
0.9989102 -0.02373627 -0.04018429 0
-0.03365776 0.230093 -0.9725866 0
12.03552 5.775355 6.574987 1

-0.001525066 0.3389467 0.9408045 0
0.9999548 -0.00831306 0.004615872 0
0.009385469 0.9407691 -0.3389187 0
12.61237 5.403063 5.986073 1

-0.02268581 -0.4411838 -0.89713 0
0.9994852 -0.03036621 -0.01034087 0
-0.02268024 -0.896903 0.4416457 0
12.3375 6.932754 6.26207 1

0.9665627 -0.1780845 0.1845065 0
0.2232197 0.2301766 -0.9472022 0
0.1262129 0.9567158 0.2622319 0
12.33145 6.844731 6.184446 1

-0.9096467 0.07965756 -0.4076734 0
-0.4153517 -0.1864523 0.8903473 0
-0.005088712 0.9792295 0.2026916 0
12.33145 6.844731 6.184446 1

0.08109266 0.708915 -0.700617 0
0.996634 -0.06615439 0.04841712 0
-0.01202521 -0.702185 -0.7118933 0
12.02152 5.353907 6.475766 1

-0.04270308 0.9723542 -0.2295741 0
0.9988146 0.036176 -0.03256713 0
-0.02336167 -0.2306926 -0.9727464 0
12.61304 5.256233 5.578521 1

-0.00012042 -0.9998788 -0.01557436 0
0.9998848 0.0001159657 -0.01517552 0
0.01517542 -0.01557444 0.9997636 0
12.34313 7.042164 6.484551 1

0.1994072 0.2904867 0.9358709 0
-0.6318458 0.7681143 -0.1037882 0
-0.7490047 -0.5706301 0.3367102 0
11.92482 6.919652 6.106823 1

-0.6215266 0.7818792 -0.04868007 0
-0.7575205 -0.6156767 -0.2170371 0
-0.1996679 -0.0980183 0.974949 0
12.71414 6.811219 6.355955 1

0.08197305 -0.147684 -0.9856318 0
-0.996612 -0.005467507 -0.08206697 0
0.006731025 0.9890198 -0.1476318 0
11.99213 5.096971 6.729695 1

-0.1035764 0.002895198 -0.9946175 0
-0.9940621 0.03323451 0.1036153 0
0.03335553 0.9994437 -0.0005643214 0
12.62851 4.903817 5.661726 1

-0.01478404 0.233285 -0.9722961 0
-0.9998847 -0.0001150651 0.015176 0
0.003428446 0.9724085 0.2332597 0
12.34212 6.941269 6.416998 1

0.7800925 0.6254547 -0.01620425 0
-0.6121527 0.7576363 -0.2263994 0
-0.1293256 0.1865318 0.9738998 0
11.81855 6.764843 5.608069 1

-0.08421461 0.1606742 -0.9834085 0
-0.8105077 -0.5851423 -0.02619524 0
-0.5796425 0.7948542 0.1795051 0
13.04537 6.394531 6.381898 1

0.2534993 0.9600072 0.118848 0
-0.3086571 -0.03616541 0.9504858 0
0.9167713 -0.2776307 0.287145 0
11.42149 6.446497 5.616317 1

-0.1356471 0.4107528 -0.9015998 0
0.5573162 -0.7207508 -0.4122102 0
-0.8191449 -0.5583916 -0.1311514 0
13.08824 6.312751 6.882437 1

-0.8705493 0.4677055 -0.1529583 0
-0.06670292 0.1958106 0.9783707 0
0.48754 0.8619226 -0.1392656 0
11.2958 6.148937 5.70867 1

0.05937618 0.8178737 -0.5723265 0
0.9041961 0.1988691 0.3779966 0
0.4229715 -0.539939 -0.7277097 0
11.46649 6.345307 5.753274 1

-0.9119185 0.3586016 -0.199525 0
-0.2495056 -0.0984819 0.9633528 0
0.3258103 0.9282818 0.1792804 0
11.31782 6.139061 5.612595 1

-0.8909002 0.3367312 -0.304811 0
-0.3588486 -0.1104361 0.9268399 0
0.2784337 0.9351025 0.2192229 0
11.35592 6.147494 5.531593 1

-0.8105139 0.1931252 -0.5529651 0
-0.585439 -0.2963521 0.7546104 0
-0.01813828 0.9353496 0.3532602 0
11.41243 6.174229 5.456347 1

0.7082941 0.7056848 -0.01813834 0
0.7002717 -0.7056406 -0.108127 0
-0.08910258 0.06388391 -0.9939718 0
13.05828 6.289227 7.21623 1

0.5065824 0.06230734 -0.8599375 0
0.8264731 0.2490123 0.5049113 0
0.2455946 -0.9664943 0.07464997 0
12.94179 6.309988 6.980251 1

0.7572349 0.6479574 0.0821387 0
0.6109585 -0.6582417 -0.4398272 0
-0.230922 0.383236 -0.8943185 0
13.11865 6.215078 7.190354 1

0.8240101 0.5628815 0.06459066 0
0.5167802 -0.6999561 -0.4929503 0
-0.2322619 0.4395753 -0.8676569 0
13.15954 6.149022 7.145095 1

0.951677 0.2947429 0.08624221 0
0.2650996 -0.6466962 -0.715197 0
-0.1550266 0.7034992 -0.6935821 0
13.18679 6.084241 7.077047 1

-0.7540879 -0.6557763 -0.03620017 0
-0.1723459 0.1443945 0.974396 0
-0.6337582 0.7410188 -0.2219064 0
11.37673 6.105461 5.722888 1

-0.0057447 0.8895473 0.4568074 0
0.7970394 -0.2718022 0.5393072 0
0.6039004 0.3671917 -0.7074427 0
11.45976 6.252496 5.818221 1

-0.6000795 -0.7987655 -0.04335078 0
-0.07336929 0.0009931971 0.9973045 0
-0.7965692 0.6016424 -0.05920092 0
11.39906 6.107118 5.630369 1

-0.5652208 -0.8102638 -0.1549139 0
-0.08825088 -0.1273199 0.987928 0
-0.8202057 0.5720688 0.0004573151 0
11.43192 6.11877 5.557595 1

-0.5999734 -0.7609025 -0.2471035 0
-0.2865781 -0.08396512 0.9543707 0
-0.7469309 0.6434112 -0.1676811 0
11.47351 6.159675 5.498017 1

0.413823 0.1113493 0.9035221 0
0.6384068 -0.7430385 -0.2008258 0
0.6489897 0.6599211 -0.3785725 0
12.99243 6.223629 7.217917 1

-0.2488773 0.7311049 -0.635253 0
0.9419781 0.335254 0.01679439 0
0.2252495 -0.5942145 -0.7721218 0
12.8843 6.302917 7.077836 1

0.3081718 -0.06464132 0.9491322 0
0.7338355 -0.6187546 -0.2804082 0
0.6054054 0.7829209 -0.1432466 0
13.0512 6.157358 7.183037 1

0.3725785 -0.1566144 0.9146899 0
0.732438 -0.5556185 -0.3934758 0
0.5698426 0.8165542 -0.09230131 0
13.08925 6.101005 7.139585 1

0.471694 -0.1617585 0.8667984 0
0.5794973 -0.6840531 -0.4430061 0
0.6645958 0.7112709 -0.2289251 0
13.11508 6.06203 7.070548 1

0.3288001 -0.9419656 0.06777018 0
-0.1109526 0.03273349 0.9932867 0
-0.93786 -0.3341119 -0.09375058 0
11.44063 6.161037 5.725956 1

-0.266327 0.003609477 0.9638762 0
0.7613029 -0.6125351 0.2126481 0
0.5911753 0.7904356 0.1603865 0
11.46032 6.165643 5.77362 1

0.5326035 -0.8332078 0.1486583 0
-0.05374793 0.1419916 0.9884077 0
-0.844657 -0.5344194 0.03084206 0
11.45488 6.181421 5.634401 1

0.5277128 -0.8269697 0.1940135 0
-0.1665192 0.1232572 0.9783044 0
-0.8329413 -0.5485706 -0.07266188 0
11.47938 6.186806 5.570603 1

0.209072 -0.9260779 0.314117 0
-0.1528966 0.2863087 0.9458593 0
-0.9658739 -0.2457802 -0.08173505 0
11.51589 6.213423 5.515472 1

-0.3651407 -0.6612757 0.6552766 0
0.7039205 -0.6567485 -0.2705142 0
0.6092361 0.3624868 0.7052908 0
12.95736 6.214192 7.141344 1

-0.5890702 0.7225665 0.3617936 0
0.704906 0.6783844 -0.20713 0
-0.3951 0.1330164 -0.9089571 0
12.9086 6.231535 7.13986 1

-0.5405545 -0.6864192 0.4864463 0
0.7223706 -0.6750716 -0.1498648 0
0.4312559 0.2703844 0.8607621 0
13.02253 6.163372 7.094746 1

-0.5722477 -0.6540614 0.494709 0
0.6475142 -0.730546 -0.2168608 0
0.5032476 0.1962331 0.8415669 0
13.05796 6.114156 7.062781 1

-0.4822516 -0.4362149 0.7597042 0
0.6113915 -0.7886754 -0.06474543 0
0.6274027 0.433253 0.6470379 0
13.08176 6.073456 7.00932 1

0.009835894 -0.9983844 -0.05596618 0
0.9999515 0.009851333 -2.330944E-08 0
0.0005513032 -0.05596344 0.9984328 0
12.29631 5.895486 6.087078 1

-0.02924739 -0.9900225 -0.1378418 0
0.9995721 -0.02890863 -0.004459492 0
0.0004301201 -0.1379132 0.9904444 0
12.29444 6.086018 6.097758 1

0.07407065 0.3440921 -0.9360099 0
0.9971308 -0.0402466 0.0641121 0
-0.01561072 -0.9380732 -0.346086 0
12.06977 5.89314 6.089079 1

-0.1754242 0.9754571 0.13308 0
0.9791373 0.1869492 -0.07962529 0
-0.1025502 0.1163354 -0.9879019 0
12.52286 5.897604 6.089079 1

-0.06814347 -0.9734442 -0.2185481 0
0.9976713 -0.06712608 -0.01208584 0
-0.002905439 -0.2188627 0.9757516 0
12.3061 6.48082 6.152727 1

0.02216437 0.9867178 0.1609269 0
0.9992459 -0.01673158 -0.03503663 0
-0.03187863 0.161582 -0.9863445 0
12.02969 5.706957 6.59554 1

0.006716064 0.2526513 0.9675344 0
0.9999695 -0.005545462 -0.005493205 0
0.003977544 0.9675418 -0.2526808 0
12.61778 5.369799 6.017072 1

-0.02835565 -0.4396761 -0.8977088 0
0.9993294 -0.03327825 -0.01526671 0
-0.02316179 -0.8975399 0.4403251 0
12.33575 6.894141 6.304569 1

0.9687871 -0.1746213 0.175952 0
0.2153499 0.241274 -0.9462619 0
0.1227848 0.9546176 0.2713478 0
12.32894 6.807046 6.225968 1

-0.9218662 0.07686049 -0.3798098 0
-0.3874433 -0.2008517 0.8997483 0
-0.007130492 0.9766021 0.2149373 0
12.32894 6.807046 6.225968 1

0.08082262 0.7345383 -0.6737371 0
0.9966944 -0.06514718 0.04853876 0
-0.008238438 -0.6754332 -0.7373756 0
12.02009 5.279515 6.525827 1

-0.037041 0.9837028 -0.1759473 0
0.9990056 0.03207884 -0.03096464 0
-0.02481574 -0.1769194 -0.9839128 0
12.61487 5.260352 5.597939 1

-8.227392E-05 -0.9999732 -0.00735741 0
0.9997571 7.985442E-05 -0.02203229 0
0.02203222 -0.007357459 0.9997304 0
12.34278 7.003178 6.527194 1

0.2051156 0.2628736 0.9427754 0
-0.6251937 0.7763138 -0.0804382 0
-0.7530344 -0.5729181 0.3235809 0
11.92137 6.880509 6.151945 1

-0.6481174 0.7613117 -0.01869043 0
-0.742275 -0.6370167 -0.2079374 0
-0.1702113 -0.1208945 0.977964 0
12.71677 6.774711 6.385755 1

0.08501077 -0.07308384 -0.9936964 0
-0.9963738 -0.002659727 -0.08504417 0
0.003572369 0.9973227 -0.07304489 0
11.9908 5.013292 6.770014 1

-0.1057543 0.003309174 -0.9943871 0
-0.9937004 0.03694955 0.1058044 0
0.03709222 0.9993122 -0.0006190466 0
12.6283 4.903822 5.661709 1

-0.02148426 0.2252867 -0.9740559 0
-0.9997572 -7.885884E-05 0.02203298 0
0.004886899 0.9742929 0.2252335 0
12.34132 6.901731 6.460481 1

0.7811629 0.6144803 -0.1104508 0
-0.621929 0.7503952 -0.2238568 0
-0.05467396 0.2435613 0.9683436 0
11.81205 6.740417 5.649511 1

-0.03838479 0.1119129 -0.9929769 0
-0.7959312 -0.6042355 -0.03733206 0
-0.6041694 0.7889081 0.1122684 0
13.06217 6.368984 6.395716 1

0.2477298 0.9616212 0.117965 0
-0.3069299 -0.03759049 0.95099 0
0.9189258 -0.2717954 0.2858376 0
11.41445 6.427656 5.705729 1

-0.1179227 0.3814197 -0.9168503 0
0.5795548 -0.723299 -0.3754409 0
-0.8063567 -0.5756379 -0.1357599 0
13.08171 6.312022 6.901125 1

-0.8736718 0.4622217 -0.1518196 0
-0.06637488 0.1958952 0.9783763 0
0.4819673 0.8648569 -0.1404683 0
11.29076 6.129371 5.798429 1

0.05340336 0.8179324 -0.5728315 0
0.90354 0.2046643 0.3764689 0
0.4251639 -0.5376807 -0.7281042 0
11.4603 6.326818 5.842665 1

-0.9144368 0.3528404 -0.198266 0
-0.2473731 -0.09953257 0.9637949 0
0.3203318 0.9303752 0.1782993 0
11.31269 6.119582 5.702325 1

-0.8934495 0.331046 -0.3035741 0
-0.3566971 -0.112183 0.9274606 0
0.2729762 0.9369229 0.2183129 0
11.3506 6.128209 5.621258 1

-0.8125651 0.187814 -0.551783 0
-0.582402 -0.2995882 0.7556823 0
-0.02337985 0.9354004 0.3528181 0
11.40682 6.155255 5.54591 1

0.6972238 0.716553 -0.02077644 0
0.7140437 -0.696763 -0.06829309 0
-0.06341151 0.03278038 -0.9974495 0
13.04318 6.297946 7.234571 1

0.5284139 0.04513298 -0.8477872 0
0.8085708 0.2776837 0.5187537 0
0.2588294 -0.9596125 0.1102386 0
12.93275 6.309729 6.995087 1

0.7443682 0.6626605 0.08245257 0
0.632919 -0.6607524 -0.4035106 0
-0.2129094 0.3525463 -0.911253 0
13.1054 6.224077 7.212545 1

0.8129333 0.5782261 0.06924548 0
0.5408743 -0.7055953 -0.4578118 0
-0.2158591 0.4096237 -0.886349 0
13.14853 6.157394 7.170393 1

0.9442182 0.3130175 0.1023374 0
0.294431 -0.6631801 -0.6881162 0
-0.1475239 0.679863 -0.7183486 0
13.17863 6.091082 7.105073 1

-0.7500638 -0.6604567 -0.03468032 0
-0.1717032 0.1438233 0.9745942 0
-0.6386886 0.7369624 -0.2212788 0
11.37197 6.086404 5.812541 1

-0.01053976 0.8897294 0.4563679 0
0.7995575 -0.2665794 0.5381857 0
0.6004977 0.3705648 -0.7085797 0
11.45424 6.233999 5.90767 1

-0.5951841 -0.8024917 -0.04200219 0
-0.07180351 0.001049851 0.9974186 0
-0.8003754 0.5966635 -0.05824627 0
11.39414 6.088152 5.719986 1

-0.5604303 -0.8138314 -0.1536143 0
-0.08590402 -0.1273578 0.9881301 0
-0.8237349 0.566974 0.001464004 0
11.42682 6.09997 5.647155 1

-0.595633 -0.7647339 -0.2457737 0
-0.284549 -0.08525012 0.954864 0
-0.7511684 0.6386829 -0.1668262 0
11.46806 6.141102 5.587491 1

0.387616 0.1450775 0.9103335 0
0.6552897 -0.7379302 -0.1614178 0
0.6483439 0.6591002 -0.3811013 0
12.97837 6.231338 7.236503 1

-0.2433325 0.7076223 -0.6633711 0
0.9357433 0.3512766 0.03146669 0
0.2552933 -0.6130879 -0.7476293 0
12.87279 6.304607 7.091293 1

0.2835892 -0.03121662 0.9584384 0
0.7508326 -0.614494 -0.2421757 0
0.5965139 0.7883049 -0.1508255 0
13.03909 6.165048 7.2052 1

0.35035 -0.1230859 0.9284965 0
0.7514652 -0.5547826 -0.3570956 0
0.5590664 0.822841 -0.1018736 0
13.07918 6.108069 7.164486 1

0.4507835 -0.1279987 0.8834091 0
0.6019684 -0.6871692 -0.4067359 0
0.6591125 0.715134 -0.2327135 0
13.10747 6.067493 7.097362 1

0.3347401 -0.9398745 0.06772497 0
-0.1095891 0.03255461 0.9934441 0
-0.9359167 -0.3399676 -0.09210238 0
11.43554 6.142377 5.815481 1

-0.264826 0.002453348 0.9642936 0
0.7654197 -0.6076949 0.2117548 0
0.5865155 0.7941675 0.1590554 0
11.45527 6.147129 5.863111 1

0.5379915 -0.8298145 0.1482365 0
-0.05307062 0.1421625 0.98842 0
-0.8412784 -0.5396286 0.0324436 0
11.44951 6.162802 5.723893 1

0.5331342 -0.8235832 0.1935964 0
-0.1657392 0.1227244 0.978504 0
-0.8296382 -0.5537605 -0.07107154 0
11.47388 6.168305 5.660053 1

0.2153034 -0.9246029 0.3142528 0
-0.1531792 0.2858409 0.9459556 0
-0.9644591 -0.2518046 -0.08008735 0
11.51013 6.195121 5.604852 1

-0.3720337 -0.6474832 0.6650997 0
0.7212699 -0.652671 -0.2319302 0
0.5842612 0.3934303 0.7098253 0
12.94552 6.219042 7.159353 1

-0.6099699 0.7230835 0.3241736 0
0.6993408 0.6835878 -0.2088815 0
-0.3726392 0.09929661 -0.9226491 0
12.89655 6.235517 7.156063 1

-0.542434 -0.6805641 0.4925442 0
0.7367663 -0.6670846 -0.1103386 0
0.4036607 0.3030383 0.8632655 0
13.01271 6.167952 7.116043 1

-0.5748469 -0.6485077 0.4989891 0
0.6646248 -0.7257693 -0.1775774 0
0.4773105 0.2295606 0.8482201 0
13.04977 6.118404 7.086523 1

-0.4954648 -0.4214 0.7595645 0
0.6253626 -0.7799417 -0.02478025 0
0.6028578 0.4627252 0.6499608 0
13.07563 6.076534 7.03496 1

0.01459433 -0.9972842 -0.07219009 0
0.999893 0.0146325 -9.5858E-09 0
0.001056271 -0.07218246 0.997391 0
12.29223 5.883652 6.117315 1

-0.02998283 -0.9876795 -0.1535922 0
0.9995494 -0.02941185 -0.005988964 0
0.001397687 -0.1537026 0.9881163 0
12.28944 6.073974 6.131092 1

0.0763634 0.5015858 -0.8617314 0
0.9970634 -0.04341723 0.06308424 0
-0.005771793 -0.8640181 -0.5034283 0
12.0657 5.88019 6.119315 1

-0.1881059 0.9710684 0.1471149 0
0.9762977 0.2012014 -0.07975383 0
-0.1070461 0.1286259 -0.9858992 0
12.51876 5.886821 6.119315 1

-0.07437867 -0.9694803 -0.2336154 0
0.9972282 -0.07275888 -0.01555652 0
-0.00191591 -0.234125 0.9722049 0
12.3014 6.467841 6.192342 1

0.009901623 0.9911181 0.1326173 0
0.9994147 -0.005465838 -0.03377039 0
-0.0327455 0.1328741 -0.9905922 0
12.02438 5.60879 6.585585 1

0.008717929 0.226186 0.9740455 0
0.9999587 0.0005218204 -0.009071072 0
-0.002560028 0.9740843 -0.2261722 0
12.62054 5.36139 6.039713 1

-0.0335521 -0.4341283 -0.9002262 0
0.999154 -0.03600405 -0.01987657 0
-0.02378283 -0.9001315 0.4349691 0
12.33383 6.878549 6.350572 1

0.9717339 -0.170793 0.1629813 0
0.2036027 0.2568588 -0.9447592 0
0.119495 0.951238 0.2843722 0
12.32633 6.792739 6.270632 1

-0.935773 0.073203 -0.3449208 0
-0.3524729 -0.2207757 0.9094072 0
-0.009578836 0.9725738 0.2323979 0
12.32633 6.792739 6.270632 1

0.07903519 0.7537946 -0.6523402 0
0.9968473 -0.06435668 0.04640877 0
-0.006999699 -0.6539512 -0.7565046 0
12.02009 5.179441 6.528135 1

-0.0324747 0.9921166 -0.1210399 0
0.9990942 0.02889153 -0.03124194 0
-0.02749858 -0.1219447 -0.9921564 0
12.61677 5.263408 5.617761 1

-5.360552E-05 -0.9999932 -0.003774493 0
0.9995957 5.372924E-05 -0.02842816 0
0.0284281 -0.003774612 0.999589 0
12.34215 6.986209 6.573821 1

0.2355414 0.2711327 0.933278 0
-0.642415 0.7640184 -0.05982667 0
-0.7292622 -0.5854602 0.3541377 0
11.91751 6.864592 6.202066 1

-0.6497743 0.7600833 0.008188848 0
-0.7452807 -0.6349273 -0.2035289 0
-0.1494996 -0.138351 0.979035 0
12.72001 6.761942 6.415741 1

0.08490113 -0.01914282 -0.9962059 0
-0.9963891 -0.0006961413 -0.08490337 0
0.0009317729 0.9998168 -0.01913284 0
11.99144 4.906239 6.764567 1

-0.1098214 0.003744795 -0.9939447 0
-0.9931582 0.03953277 0.1098836 0
0.03970483 0.9992117 -0.0006224371 0
12.62854 4.903829 5.66163 1

-0.02773221 0.2217941 -0.9746994 0
-0.9995958 -5.281655E-05 0.02842863 0
0.006253803 0.9750937 0.2217058 0
12.34027 6.884524 6.507483 1

0.7545387 0.630259 -0.182881 0
-0.6562392 0.7226615 -0.2170498 0
-0.004636627 0.2837861 0.9588766 0
11.79199 6.720097 5.704694 1

-0.01955521 0.1005999 -0.9947351 0
-0.7918731 -0.6089497 -0.04601717 0
-0.6103727 0.786804 0.09157037 0
13.06629 6.35687 6.411377 1

0.2398304 0.9638184 0.1163468 0
-0.30422 -0.0391954 0.9517956 0
0.9219175 -0.2636644 0.2838122 0
11.40794 6.399306 5.797777 1

-0.09995975 0.3585852 -0.92813 0
0.5965289 -0.7249714 -0.3443406 0
-0.7963426 -0.5880764 -0.1414383 0
13.07625 6.305667 6.917681 1

-0.8779511 0.4546104 -0.1501056 0
-0.06559323 0.1963576 0.9783363 0
0.4742362 0.8687775 -0.142573 0
11.28702 6.100077 5.891096 1

0.04500728 0.8177511 -0.5738103 0
0.9027035 0.2127425 0.3739884 0
0.427903 -0.5348127 -0.7286118 0
11.45498 6.299006 5.934702 1

-0.9178996 0.3448372 -0.1963363 0
-0.2441063 -0.1006149 0.9645152 0
0.3128462 0.9332548 0.1765312 0
11.30879 6.090374 5.794948 1

-0.8969908 0.3231108 -0.3016743 0
-0.3534094 -0.1142333 0.9284683 0
0.2655369 0.9394419 0.2166565 0
11.34643 6.099237 5.713778 1

-0.8155112 0.1803099 -0.5499365 0
-0.5779396 -0.3037338 0.7574512 0
-0.03045821 0.9355399 0.3519065 0
11.40223 6.126681 5.63826 1

0.68946 0.7240214 -0.02093686 0
0.7232397 -0.6897215 -0.03477154 0
-0.03961585 0.008831321 -0.9991761 0
13.02982 6.298896 7.25035 1

0.5482389 0.0316157 -0.8357243 0
0.792621 0.2991552 0.5312801 0
0.2668081 -0.9536809 0.1389492 0
12.9251 6.303808 7.008079 1

0.7346925 0.6731011 0.08462998 0
0.6498535 -0.6624715 -0.3725888 0
-0.1947249 0.3287354 -0.9241299 0
13.09338 6.225271 7.231562 1

0.804498 0.5891939 0.07505767 0
0.5596569 -0.7096438 -0.428007 0
-0.1989149 0.3863375 -0.9006538 0
13.13826 6.158138 7.192036 1

0.9379026 0.3263886 0.1175131 0
0.3184008 -0.6754944 -0.6650779 0
-0.1376942 0.6611947 -0.7374703 0
13.17067 6.090683 7.129033 1

-0.7444996 -0.6668509 -0.032114 0
-0.1704836 0.1433873 0.9748725 0
-0.6454892 0.7312669 -0.2204388 0
11.36863 6.057818 5.905049 1

-0.01697097 0.8900892 0.4554714 0
0.8031406 -0.2591978 0.5364533 0
0.5955483 0.3749117 -0.7104676 0
11.44987 6.206208 5.999818 1

-0.5884354 -0.8075706 -0.03967732 0
-0.06931567 0.001493164 0.997594 0
-0.8055677 0.5897697 -0.05685578 0
11.39056 6.059656 5.812437 1

-0.5538656 -0.8187325 -0.1513644 0
-0.08234612 -0.1270394 0.9884741 0
-0.8285242 0.5599459 0.002943301 0
11.42295 6.071675 5.739511 1

-0.5897153 -0.7700332 -0.2434863 0
-0.2814248 -0.0866589 0.9556626 0
-0.7569916 0.6320918 -0.1656023 0
11.46369 6.113093 5.679702 1

0.3638233 0.1707512 0.915684 0
0.6672209 -0.7337304 -0.1282812 0
0.6499609 0.6576352 -0.3808769 0
12.96573 6.231593 7.252295 1

-0.2351098 0.6890969 -0.6854702 0
0.9307178 0.3628876 0.04557982 0
0.2801575 -0.6272629 -0.7266732 0
12.86288 6.30022 7.102917 1

0.2606418 -0.005587099 0.9654199 0
0.7633026 -0.6110913 -0.2096112 0
0.5911305 0.7915409 -0.1550114 0
13.02793 6.165312 7.224023 1

0.3291318 -0.09733646 0.9392542 0
0.766048 -0.5540658 -0.3258559 0
0.5521259 0.8267632 -0.1077963 0
13.06963 6.107877 7.185633 1

0.4306753 -0.1021157 0.8967116 0
0.6192873 -0.6893181 -0.3759314 0
0.6565075 0.7172264 -0.2336332 0
13.09999 6.066086 7.120177 1

0.3428958 -0.9369201 0.06785846 0
-0.1073779 0.03267107 0.9936818 0
-0.9332167 -0.3480158 -0.08940146 0
11.43172 6.114333 5.907771 1

-0.2624253 0.001219178 0.9649519 0
0.771091 -0.6009361 0.2104627 0
0.5801307 0.7992968 0.1567606 0
11.45153 6.119303 5.955347 1

0.5454032 -0.8250497 0.1477455 0
-0.05180704 0.1427505 0.9884022 0
-0.8365715 -0.5467321 0.03511336 0
11.44529 6.134779 5.816128 1

0.5406068 -0.8188119 0.1931112 0
-0.1643307 0.1223442 0.9787889 0
-0.8250698 -0.5608743 -0.06841595 0
11.46945 6.140422 5.752221 1

0.2239498 -0.9224048 0.3146689 0
-0.1532408 0.2855268 0.9460405 0
-0.9624783 -0.2600859 -0.07740632 0
11.50534 6.167486 5.696901 1

-0.3807521 -0.6361711 0.6710549 0
0.7339301 -0.6493644 -0.1991808 0
0.5624719 0.4166685 0.714152 0
12.9349 6.217122 7.174692 1

-0.6256905 0.7232061 0.2923789 0
0.6964978 0.6867183 -0.2081093 0
-0.3512877 0.0734292 -0.9333841 0
12.88584 6.232939 7.169844 1

-0.5465456 -0.6752554 0.4952968 0
0.7466392 -0.6607641 -0.07694766 0
0.3792336 0.3277525 0.8653097 0
13.00368 6.165832 7.134216 1

-0.5794622 -0.6434406 0.5002085 0
0.6768073 -0.7218406 -0.1444941 0
0.454044 0.2548157 0.8537644 0
13.042 6.11605 7.106765 1

-0.508956 -0.4094185 0.7571929 0
0.6344674 -0.7729026 0.008551871 0
0.5817347 0.4847663 0.653136 0
13.06956 6.073299 7.056836 1

0.01950486 -0.995515 -0.09257226 0
0.9998081 0.01958896 1.126493E-07 0
0.001813222 -0.09255449 0.9957061 0
12.28819 5.877119 6.146759 1

-0.03038663 -0.9843927 -0.1733432 0
0.9995357 -0.02954084 -0.007457776 0
0.002220616 -0.1734893 0.9848334 0
12.28447 6.067102 6.164425 1

0.07060309 0.4969924 -0.8648781 0
0.9975034 -0.03647915 0.06046743 0
-0.001498133 -0.866988 -0.4983273 0
12.06169 5.872494 6.148755 1

-0.198915 0.9656497 0.1671941 0
0.9737219 0.2140455 -0.07778421 0
-0.1108994 0.1473281 -0.9828511 0
12.51471 5.88137 6.148755 1

-0.08006996 -0.9642811 -0.2524895 0
0.9967883 -0.07782536 -0.01888122 0
-0.001443341 -0.2531904 0.9674156 0
12.29659 6.45966 6.233552 1

0.007833058 0.9790752 0.2033493 0
0.9993512 -0.0005153998 -0.03601375 0
-0.03515529 0.2034995 -0.978444 0
12.02348 5.603579 6.616728 1

0.008936713 0.2162907 0.9762884 0
0.9999251 0.006234781 -0.01053439 0
-0.008365473 0.9763094 -0.2162187 0
12.62234 5.358871 6.058289 1

-0.03819025 -0.4255736 -0.9041178 0
0.9989703 -0.03843333 -0.02410613 0
-0.02448935 -0.9041074 0.4266032 0
12.33154 6.866994 6.399764 1

0.9750916 -0.1664414 0.1466076 0
0.1888733 0.276529 -0.9422628 0
0.1162903 0.9464827 0.3010773 0
12.32342 6.782815 6.318167 1

-0.9488662 0.06861593 -0.3081314 0
-0.3154272 -0.2450496 0.9167643 0
-0.01260287 0.9670797 0.2541625 0
12.32342 6.782815 6.318167 1

0.07864184 0.7604809 -0.6445811 0
0.9968833 -0.06405392 0.04605306 0
-0.006265417 -0.6461937 -0.7631481 0
12.02009 5.179447 6.528637 1

-0.02745313 0.9969999 -0.07237445 0
0.9992154 0.02530224 -0.03046985 0
-0.02854717 -0.07315426 -0.9969124 0
12.61847 5.265175 5.635365 1

-4.800256E-05 -0.9999961 -0.002812102 0
0.9994131 4.835204E-05 -0.03425574 0
0.03425567 -0.002812169 0.9994093 0
12.34101 6.972533 6.623978 1

0.2745161 0.2958086 0.914953 0
-0.669588 0.7417136 -0.03890072 0
-0.6901401 -0.6019627 0.4016822 0
11.9132 6.852838 6.256489 1

-0.6445367 0.7635471 0.03960549 0
-0.7536824 -0.6257905 -0.2008714 0
-0.1285901 -0.159319 0.9788168 0
12.72261 6.753948 6.447799 1

0.08521277 -6.120987E-07 -0.9963631 0
-0.9963629 -9.050594E-06 -0.08521274 0
-8.976087E-06 1 -1.394249E-06 0
11.99159 4.903821 6.762257 1

-0.112361 0.004149048 -0.9936591 0
-0.9927536 0.04241223 0.1124358 0
0.04260975 0.9990919 -0.0006463912 0
12.62842 4.903827 5.661596 1

-0.03342084 0.2208557 -0.974734 0
-0.9994134 -4.750454E-05 0.03425632 0
0.007519365 0.9753067 0.2207274 0
12.33875 6.870784 6.55775 1

0.7164553 0.6554811 -0.238825 0
-0.6970301 0.6868154 -0.2059946 0
0.02900291 0.3140542 0.9489624 0
11.7669 6.695192 5.768883 1

-0.01467322 0.10504 -0.99436 0
-0.7923361 -0.6078203 -0.05251539 0
-0.6099085 0.7870969 0.09214574 0
13.06611 6.347031 6.426692 1

0.2300436 0.9665142 0.1137162 0
-0.3003379 -0.04063795 0.9529673 0
0.9256769 -0.2533771 0.2809319 0
11.40224 6.361563 5.890441 1

-0.08387085 0.3428909 -0.9356239 0
0.6068091 -0.7271911 -0.3208991 0
-0.7904103 -0.5946591 -0.1470791 0
13.07358 6.293567 6.932805 1

-0.8832483 0.4450257 -0.1477343 0
-0.06412104 0.1974729 0.9782095 0
0.4645017 0.8734746 -0.1458822 0
11.28483 6.061247 5.984745 1

0.03427666 0.8171124 -0.5754594 0
0.9017525 0.2229671 0.3703093 0
0.4308926 -0.5316147 -0.7291902 0
11.45083 6.262021 6.027377 1

-0.9222012 0.3347498 -0.1936192 0
-0.2395322 -0.1013949 0.9655797 0
0.3035955 0.9368367 0.1736897 0
11.30635 6.051596 5.888535 1

-0.9014453 0.3130505 -0.2989926 0
-0.3488149 -0.116235 0.9299563 0
0.2563699 0.9425974 0.2139761 0
11.3436 6.060706 5.807213 1

-0.8193597 0.1706572 -0.54729 0
-0.571947 -0.3084154 0.7601038 0
-0.03907541 0.935819 0.3503099 0
11.39883 6.088597 5.731442 1

0.6859818 0.7273569 -0.01952414 0
0.7273341 -0.6862174 -0.009569459 0
-0.02035801 -0.007636049 -0.9997638 0
13.02077 6.291952 7.264585 1

0.5641045 0.02102838 -0.8254358 0
0.7806557 0.3120994 0.5414526 0
0.2690038 -0.949817 0.1596407 0
12.92072 6.292349 7.020298 1

0.7294298 0.6784095 0.08771223 0
0.6603454 -0.6648673 -0.349136 0
-0.17854 0.3125906 -0.9329585 0
13.08506 6.218381 7.24823 1

0.7998398 0.5947421 0.08085856 0
0.5714816 -0.7134284 -0.405499 0
-0.1834804 0.3705435 -0.9105126 0
13.13104 6.150862 7.210678 1

0.9337577 0.3333974 0.1301653 0
0.3346748 -0.6844631 -0.6476908 0
-0.1268449 0.6483492 -0.7507026 0
13.16501 6.082569 7.149423 1

-0.7375171 -0.6747412 -0.02818676 0
-0.1684572 0.1433907 0.9752243 0
-0.6539817 0.7239925 -0.2194178 0
11.36693 6.019879 5.998478 1

-0.02473328 0.8907058 0.4539078 0
0.8077755 -0.249696 0.5339955 0
0.5889718 0.3798631 -0.7133145 0
11.44695 6.169296 6.09268 1

-0.5800012 -0.8138176 -0.0360621 0
-0.06571268 0.002616496 0.9978356 0
-0.8119615 0.5811154 -0.05499547 0
11.3885 6.021777 5.905783 1

-0.5457206 -0.8248209 -0.147854 0
-0.07741563 -0.1260637 0.9889974 0
-0.834384 0.5511621 0.004941685 0
11.4205 6.034001 5.832718 1

-0.5824171 -0.7766746 -0.2399331 0
-0.2770283 -0.08785024 0.9568378 0
-0.7642293 0.6237467 -0.1639952 0
11.46058 6.075737 5.772686 1

0.345184 0.1876131 0.9195923 0
0.6733599 -0.7320479 -0.1034061 0
0.6537848 0.6549106 -0.3790225 0
12.957 6.224339 7.2664 1

-0.2253893 0.6765584 -0.7010484 0
0.9277748 0.3686812 0.05751926 0
0.2973786 -0.6374506 -0.7107905 0
12.85671 6.289963 7.113968 1

0.2419748 0.01154311 0.9702141 0
0.7703588 -0.6102219 -0.18487 0
0.5899117 0.7921469 -0.1565507 0
13.02008 6.157949 7.240417 1

0.3114305 -0.08024308 0.9468753 0
0.7750539 -0.5550794 -0.3019582 0
0.5498207 0.8279182 -0.1106761 0
13.06281 6.100127 7.203781 1

0.4138009 -0.08515541 0.9063762 0
0.6299888 -0.6919318 -0.3526259 0
0.6571784 0.7169236 -0.232675 0
13.09464 6.057445 7.139614 1

0.3530291 -0.9331157 0.06831569 0
-0.1041163 0.03338287 0.9940053 0
-0.9298018 -0.3580256 -0.08536714 0
11.42943 6.077063 6.000867 1

