MeshAnim
1
41
37
30
0.9990129 -0.04274137 -0.01209504 0
0.04358403 0.99575 0.08113202 0
0.008575941 -0.08157909 0.99663 0
-0.003717107 0.8809413 -0.001866133 1

0.998942 -0.04210536 0.01849518 0
0.03456714 0.9527122 0.3019016 0
-0.03033226 -0.3009429 0.9531596 0
0.001080683 0.987108 0.01926007 1

-0.9873198 0.1445638 -0.06558109 0
-0.1550591 -0.7897633 0.5934902 0
0.03400367 0.5961336 0.8021649 0
-0.1432406 0.8156229 -0.004710844 1

-0.9929072 -0.0674106 0.09793422 0
0.08987436 -0.964817 0.2470842 0
0.07783252 0.2541335 0.9640323 0
0.1296092 0.8039498 -0.008014165 1

0.9965476 -0.04292658 0.07106482 0
0.01756471 0.9455944 0.3248733 0
-0.0811442 -0.3225035 0.9430838 0
0.005596302 1.111564 0.05869848 1

-0.9978429 0.03688291 0.05430481 0
-0.061524 -0.8139424 -0.5776789 0
0.02289452 -0.5797739 0.8144558 0
-0.1989839 0.5317056 0.2086469 1

-0.9966171 0.07906953 0.02240989 0
-0.07988108 -0.8678851 -0.4903004 0
-0.01931861 -0.4904319 0.8712654 0
0.1619188 0.4571013 0.08081178 1

0.9910924 -0.04863356 0.1239783 0
0.004640799 0.9429827 0.3328093 0
-0.1330951 -0.3292694 0.9348087 0
0.007883323 1.234686 0.1009988 1

-0.995233 -0.07743406 -0.05928871 0
0.07136357 -0.9925814 0.09843706 0
-0.06647122 0.09373685 0.9933755 0
-0.2201539 0.2516334 0.009871391 1

-0.9981277 3.925338E-05 0.06116299 0
0.0468616 -0.6421409 0.7651531 0
0.03930531 0.7665867 0.6409369 0
0.1344322 0.1584677 -0.08789735 1

0.9972281 -0.0730284 0.01424509 0
0.06705561 0.9650702 0.2532651 0
-0.03224307 -0.251608 0.9672921 0
0.006447142 1.460642 0.2020786 1

-0.002562493 -0.3404721 0.9402512 0
-0.9945315 -0.09730092 -0.03794371 0
0.1044061 -0.9352065 -0.3383608 0
-0.07909781 1.408039 0.09375127 1

0.1126544 0.4594216 -0.8810453 0
0.9830126 -0.1808331 0.03139691 0
-0.1448976 -0.8696157 -0.4719889 0
0.1102716 1.398747 0.11744 1

-0.9994611 -5.066395E-07 -0.0328223 0
-0.03187202 -0.2388698 0.9705284 0
-0.007840745 0.9710518 0.2387411 0
-0.204962 0.04033273 0.03082667 1

-0.9790495 2.734363E-06 0.2036222 0
0.2019228 -0.1289161 0.9708801 0
0.02625285 0.9916556 0.1262147 0
0.1444081 0.02176887 0.07498843 1

0.9986905 -0.02560755 -0.04428947 0
0.03195924 0.9882842 0.1492419 0
0.03994884 -0.150462 0.9878083 0
0.01039198 1.530381 0.28344 1

0.07558553 -0.303674 0.9497732 0
-0.3303825 -0.9063228 -0.2634887 0
0.9408157 -0.2938725 -0.1688335 0
-0.2584666 1.390491 0.08690792 1

0.212314 -0.0821699 -0.9737408 0
0.3278588 -0.9327114 0.1501938 0
-0.9205605 -0.3511375 -0.1710876 0
0.2867721 1.366278 0.1230773 1

-0.9994611 -5.066395E-07 -0.0328223 0
-0.03187202 -0.2388698 0.9705284 0
-0.007840745 0.9710518 0.2387411 0
-0.2103432 2.324581E-06 0.194689 1

-0.9790495 2.734363E-06 0.2036222 0
0.2019228 -0.1289161 0.9708801 0
0.02625285 0.9916556 0.1262147 0
0.1785004 2.801418E-06 0.2389101 1

0.9986905 -0.02560755 -0.04428947 0
0.03195924 0.9882842 0.1492419 0
0.03994884 -0.150462 0.9878083 0
0.01682883 1.733344 0.311235 1

0.7496185 -0.1826192 0.6361778 0
-0.1710681 -0.9819804 -0.08031197 0
0.6393808 -0.04862629 -0.7673512 0
-0.3457374 1.151084 0.01730714 1

0.6637507 -0.3455614 -0.6633418 0
0.08316167 -0.8472806 0.524595 0
-0.7433163 -0.403365 -0.5336457 0
0.3733763 1.119901 0.1627512 1

0.7496185 -0.1826192 0.6361778 0
-0.1710681 -0.9819804 -0.08031197 0
0.6393808 -0.04862629 -0.7673512 0
-0.391504 0.888371 -0.004179065 1

0.4675356 -0.08458021 -0.8799185 0
0.1970605 -0.9603906 0.1970212 0
-0.8617295 -0.2655114 -0.4323494 0
0.3956248 0.8932248 0.3030984 1

0.3570716 -0.4784776 -0.8022216 0
-0.07060191 -0.870207 0.4876016 0
-0.9314049 -0.1174701 -0.3445076 0
0.404267 0.7273025 0.4219919 1

-0.8090796 0.07088812 -0.5834082 0
-0.3765576 -0.8246886 0.4220108 0
-0.4512147 0.5611271 0.6939323 0
0.4727749 0.7153524 0.2475068 1

0.3881295 -0.8710333 -0.301093 0
-0.4748559 -0.4690088 0.7446762 0
-0.7898527 -0.1460547 -0.5956515 0
0.3334039 0.8626965 0.3430184 1

0.4719912 -0.5109464 -0.7184417 0
-0.3527696 -0.8562999 0.3772321 0
-0.8079467 0.0753943 -0.5844123 0
0.3989617 0.6619118 0.4586321 1

-0.600127 0.6093597 -0.5181978 0
-0.7780567 -0.5950583 0.2013295 0
-0.1856759 0.5240104 0.8312266 0
0.4462494 0.6572594 0.2772342 1

0.4285663 -0.6252341 -0.6522374 0
-0.3608805 -0.7802637 0.5108361 0
-0.8283092 0.01645283 -0.5600295 0
0.2836722 0.8135772 0.4210084 1

0.527567 -0.5372987 -0.658015 0
-0.4801929 -0.8275731 0.2907534 0
-0.7007769 0.1625825 -0.6946073 0
0.3725414 0.5977802 0.4868844 1

-0.2638258 0.8963962 -0.3561884 0
-0.964471 -0.2504535 0.08407533 0
-0.01384399 0.3657144 0.9306242 0
0.3911715 0.6151358 0.2914861 1

0.5470161 -0.4203976 -0.7239059 0
-0.2089872 -0.9059547 0.3681994 0
-0.8106158 -0.05012371 -0.5834295 0
0.2530019 0.7472644 0.4644231 1

0.527567 -0.5372987 -0.658015 0
-0.4801929 -0.8275731 0.2907534 0
-0.7007769 0.1625825 -0.6946073 0
0.3400337 0.541756 0.5065675 1

-0.2638258 0.8963962 -0.3561884 0
-0.964471 -0.2504535 0.08407533 0
-0.01384399 0.3657144 0.9306242 0
0.322762 0.5973713 0.2974495 1

0.5470161 -0.4203976 -0.7239059 0
-0.2089872 -0.9059547 0.3681994 0
-0.8106158 -0.05012371 -0.5834295 0
0.2362301 0.6745591 0.493972 1

0.9990839 -0.03700392 -0.02149632 0
0.03851043 0.9964767 0.07450632 0
0.01866356 -0.07526589 0.9969888 0
-0.006045596 0.8860063 -0.006855444 1

0.9992759 -0.03445003 0.01614921 0
0.02822156 0.9558002 0.2926593 0
-0.02551754 -0.2919917 0.9560804 0
-0.001668479 0.9923297 0.01356204 1

-0.9872773 0.1449811 -0.06529896 0
-0.1533822 -0.7600704 0.6314798 0
0.04192084 0.6334613 0.772638 0
-0.1452037 0.8198607 -0.007943092 1

-0.9905688 -0.08041991 0.1109335 0
0.09915815 -0.9795009 0.1753446 0
0.09455827 0.1846909 0.9782372 0
0.1276655 0.8097547 -0.01381409 1

0.9959146 -0.03504138 0.08322273 0
0.007579174 0.9508206 0.3096493 0
-0.08998042 -0.3077535 0.9472018 0
0.002018197 1.117189 0.05179311 1

-0.9964008 0.05316254 0.0660245 0
-0.07670872 -0.8969541 -0.4354184 0
0.03607301 -0.4389158 0.8978038 0
-0.2003441 0.546618 0.2190718 1

-0.9966893 0.07841465 0.02148723 0
-0.07890762 -0.8691982 -0.4881271 0
-0.01959968 -0.4882066 0.872508 0
0.1633126 0.4576274 0.04922173 1

0.9878703 -0.0417283 0.1495685 0
-0.007009868 0.9502497 0.31141 0
-0.1551221 -0.3086812 0.9384312 0
0.003005047 1.240991 0.09211113 1

-0.9941155 -0.1014536 -0.03796779 0
0.08480955 -0.9469894 0.3098686 0
-0.06739236 0.3048251 0.9500212 0
-0.2267391 0.237982 0.0692472 1

-0.9981385 -0.001689013 0.06096619 0
0.04781978 -0.6421143 0.765116 0
0.03785497 0.766607 0.6409998 0
0.136161 0.158542 -0.1187396 1

0.9968444 -0.07408734 0.02849822 0
0.06416949 0.963448 0.2600965 0
-0.04672642 -0.257447 0.9651619 0
-0.00175254 1.469159 0.1879882 1

-0.07041825 -0.3197583 0.9448788 0
-0.9916332 -0.08029583 -0.1010758 0
0.1081897 -0.9440905 -0.3114286 0
-0.08438846 1.413776 0.07879161 1

0.1334686 0.4372602 -0.8893762 0
0.9800031 -0.1918672 0.05273783 0
-0.1475818 -0.87863 -0.4541247 0
0.1043653 1.405803 0.1073699 1

-0.9999804 -0.001664598 0.006028011 0
0.006249119 -0.2293296 0.9733288 0
-0.0002378188 0.9733474 0.2293356 0
-0.2086848 0.03638685 0.135212 1

-0.9800118 -0.005267706 0.1988699 0
0.1980374 -0.1209284 0.9727063 0
0.0189251 0.9926473 0.1195545 0
0.1463408 0.0218488 0.0441383 1

0.9989408 -0.02799624 -0.03651605 0
0.03311545 0.988416 0.1481115 0
0.03194649 -0.1491639 0.9882962 0
0.001053958 1.538398 0.2698219 1

0.02037825 -0.3536137 0.9351696 0
-0.3088296 -0.8918476 -0.3305027 0
0.9508989 -0.2820729 -0.1273807 0
-0.2632345 1.399295 0.06056209 1

0.2368313 -0.1153426 -0.9646801 0
0.3001947 -0.9356532 0.1855705 0
-0.92401 -0.3335405 -0.1869668 0
0.2803254 1.371353 0.116839 1

-0.9999804 -0.001664598 0.006028011 0
0.006249119 -0.2293296 0.9733288 0
-0.0002378188 0.9733474 0.2293356 0
-0.2076298 -0.002332687 0.2995471 1

-0.9800118 -0.005267706 0.1988699 0
0.1980374 -0.1209284 0.9727063 0
0.0189251 0.9926473 0.1195545 0
0.1797771 0.001431346 0.2083683 1

0.9989408 -0.02799624 -0.03651605 0
0.03311545 0.988416 0.1481115 0
0.03194649 -0.1491639 0.9882962 0
0.007750365 1.741385 0.2973838 1

0.7160916 -0.190656 0.6714634 0
-0.1466613 -0.9815965 -0.1223065 0
0.6824246 -0.01089493 -0.7308749 0
-0.3448121 1.163712 -0.02674052 1

0.6880805 -0.3905725 -0.6115546 0
0.04443058 -0.8185273 0.572747 0
-0.724273 -0.4212676 -0.5458593 0
0.3596221 1.1242 0.1658576 1

0.7160916 -0.190656 0.6714634 0
-0.1466613 -0.9815965 -0.1223065 0
0.6824246 -0.01089493 -0.7308749 0
-0.384049 0.9011014 -0.05946169 1

0.5039424 -0.1393679 -0.8524197 0
0.1709947 -0.9512663 0.2566193 0
-0.8466423 -0.2750805 -0.4555523 0
0.3715087 0.9052155 0.319087 1

0.3877435 -0.5265515 -0.7565708 0
-0.1159841 -0.8421292 0.5266559 0
-0.9144413 -0.1164572 -0.3876017 0
0.3719684 0.7458594 0.4469386 1

-0.7762402 0.05171816 -0.6283128 0
-0.4160914 -0.7907584 0.4489647 0
-0.473624 0.6099399 0.6353381 0
0.4478092 0.7234142 0.2765697 1

0.3908135 -0.8903722 -0.2334585 0
-0.5154859 -0.4218344 0.7458757 0
-0.7625872 -0.1711536 -0.6238328 0
0.3070651 0.877866 0.3577658 1

0.4986338 -0.5589769 -0.6625024 0
-0.4052618 -0.8259558 0.3918675 0
-0.7662424 0.07308844 -0.6383817 0
0.3632529 0.6825788 0.4865135 1

-0.5525519 0.5959553 -0.5826871 0
-0.8056013 -0.561169 0.1899901 0
-0.2137603 0.5743927 0.7901774 0
0.4184988 0.6677115 0.3081958 1

0.454418 -0.663511 -0.5943553 0
-0.3980203 -0.7481522 0.5308939 0
-0.7969218 -0.004682319 -0.6040646 0
0.2530783 0.8336871 0.4358814 1

0.5497778 -0.5860634 -0.5952096 0
-0.5355409 -0.7941455 0.2872788 0
-0.6410464 0.1608195 -0.7504646 0
0.3329013 0.6207196 0.515862 1

-0.2081719 0.8854939 -0.41541 0
-0.976778 -0.210223 0.04137194 0
-0.05069404 0.4143758 0.9086934 0
0.3614711 0.6279868 0.321645 1

0.5802643 -0.4644414 -0.6690203 0
-0.2403345 -0.8825268 0.40421 0
-0.77816 -0.07375998 -0.62372 0
0.2192515 0.7701036 0.4810008 1

0.5497778 -0.5860634 -0.5952096 0
-0.5355409 -0.7941455 0.2872788 0
-0.6410464 0.1608195 -0.7504646 0
0.2966467 0.5669582 0.53531 1

-0.2081719 0.8854939 -0.41541 0
-0.976778 -0.210223 0.04137194 0
-0.05069404 0.4143758 0.9086934 0
0.2921886 0.6130757 0.3245794 1

0.5802643 -0.4644414 -0.6690203 0
-0.2403345 -0.8825268 0.40421 0
-0.77816 -0.07375998 -0.62372 0
0.199964 0.6992782 0.5134397 1

0.9990149 -0.02992813 -0.03276419 0
0.03207293 0.9972358 0.06702251 0
0.03066777 -0.06800733 0.9972134 0
-0.008947853 0.8887753 -0.009440991 1

0.9995655 -0.02679894 0.01227392 0
0.02225229 0.959149 0.282025 0
-0.01933048 -0.2816294 0.9593285 0
-0.005114386 0.9952707 0.01017374 1

-0.9878565 0.1447193 -0.05653238 0
-0.146758 -0.7496923 0.645309 0
0.05100681 0.6457692 0.761827 0
-0.1476217 0.8216187 -0.008455625 1

-0.9872537 -0.09657051 0.126508 0
0.1109217 -0.9875219 0.1117901 0
0.1141338 0.1243976 0.9856463 0
0.1252288 0.8134452 -0.0174041 1

0.9952943 -0.02731377 0.09296928 0
-0.001078248 0.9562684 0.2924887 0
-0.09689255 -0.2912126 0.951739 0
-0.002207495 1.120568 0.0470156 1

-0.9937245 0.08521956 0.07245384 0
-0.1002006 -0.9660894 -0.2379725 0
0.04971699 -0.2437389 0.9685658 0
-0.2003807 0.5521069 0.2235308 1

-0.9968678 0.07605423 0.02168609 0
-0.07687529 -0.8674887 -0.491481 0
-0.01856676 -0.4916087 0.8706183 0
0.1651047 0.4584344 0.02278405 1

0.9844692 -0.03491034 0.1720514 0
-0.01631648 0.9575925 0.2876638 0
-0.1747975 -0.2860034 0.9421507 0
-0.002347889 1.245079 0.08509925 1

-0.9967376 -0.08065076 0.003126368 0
0.07176041 -0.8678034 0.4916989 0
-0.03694282 0.4903193 0.8707598 0
-0.234859 0.2196819 0.1416461 1

-0.9969761 0.03636982 0.06867248 0
0.02727028 -0.6637652 0.7474436 0
0.07276681 0.7470561 0.6607664 0
0.1386525 0.1599372 -0.1463313 1

0.9963237 -0.0748526 0.0416673 0
0.06114725 0.9620113 0.266074 0
-0.06000074 -0.262548 0.9630517 0
-0.009800918 1.475519 0.1751961 1

-0.1209309 -0.2968553 0.9472343 0
-0.9874513 -0.06166037 -0.1453891 0
0.1015664 -0.9529296 -0.2856736 0
-0.089883 1.417207 0.06562246 1

0.1546276 0.4132704 -0.8973839 0
0.97764 -0.1950284 0.07864049 0
-0.1425155 -0.8894782 -0.4341862 0
0.09822085 1.410536 0.09849653 1

-0.9992653 -0.003879085 0.03812912 0
0.03809988 -0.2084371 0.9772936 0
0.004156519 0.9780281 0.2084319 0
-0.2195826 0.03494394 0.2463189 1

-0.9797812 0.01055081 0.1997939 0
0.1973636 -0.1127957 0.9738196 0
0.0328105 0.9935622 0.1084327 0
0.1444578 0.01863492 0.0127845 1

0.9991022 -0.03082421 -0.02906451 0
0.03473637 0.9887548 0.1454558 0
0.0242541 -0.1463348 0.9889377 0
-0.008070989 1.54432 0.2574281 1

-0.02743647 -0.3969591 0.9174262 0
-0.2816993 -0.8775056 -0.3881105 0
0.9591105 -0.2690867 -0.08774751 0
-0.2679749 1.406086 0.03940076 1

0.2573977 -0.1454607 -0.9552945 0
0.2728895 -0.9374218 0.2162674 0
-0.9269726 -0.3163564 -0.2015956 0
0.2737566 1.375519 0.1126165 1

-0.9992653 -0.003879085 0.03812912 0
0.03809988 -0.2084371 0.9772936 0
0.004156519 0.9780281 0.2084319 0
-0.2131499 -0.0002482533 0.4113234 1

-0.9797812 0.01055081 0.1997939 0
0.1973636 -0.1127957 0.9738196 0
0.0328105 0.9935622 0.1084327 0
0.1777803 -0.0004093051 0.1772025 1

0.9991022 -0.03082421 -0.02906451 0
0.03473637 0.9887548 0.1454558 0
0.0242541 -0.1463348 0.9889377 0
-0.001020655 1.747368 0.2844438 1

0.6853614 -0.2052675 0.6986739 0
-0.117779 -0.9780632 -0.1718161 0
0.7186154 0.03546709 -0.6945031 0
-0.342386 1.174292 -0.06311896 1

0.703254 -0.4300262 -0.5661372 0
0.00836887 -0.791261 0.6114212 0
-0.7108896 -0.4347221 -0.5528587 0
0.3458406 1.127898 0.1697437 1

0.6853614 -0.2052675 0.6986739 0
-0.117779 -0.9780632 -0.1718161 0
0.7186154 0.03546709 -0.6945031 0
-0.3738959 0.9126266 -0.1090856 1

0.53448 -0.1907539 -0.8233738 0
0.1439683 -0.9394121 0.3110916 0
-0.8328292 -0.2848119 -0.4746342 0
0.3480796 0.9162086 0.3333198 1

0.4157495 -0.5704428 -0.7083414 0
-0.1663287 -0.8133969 0.5574225 0
-0.8941405 -0.1139305 -0.4330503 0
0.3407063 0.7636304 0.468989 1

-0.7403434 0.03053956 -0.6715349 0
-0.4590323 -0.7527704 0.4718325 0
-0.4911022 0.6575742 0.5713274 0
0.4227691 0.731296 0.3031536 1

0.3934876 -0.9041233 -0.1665192 0
-0.552111 -0.3772321 0.743552 0
-0.7350792 -0.2006414 -0.6476123 0
0.2816944 0.891889 0.3707176 1

0.5221177 -0.6043939 -0.6017484 0
-0.4695451 -0.7927029 0.3887792 0
-0.7119836 0.07955948 -0.6976743 0
0.3282077 0.7025088 0.5108758 1

-0.4941197 0.583579 -0.6444233 0
-0.8366038 -0.5208182 0.1698321 0
-0.2365169 0.6230441 0.745571 0
0.3904339 0.6782694 0.3363905 1

0.4810966 -0.6952074 -0.5340721 0
-0.4335939 -0.7181713 0.5442667 0
-0.7619336 -0.03027438 -0.6469474 0
0.2238718 0.8523813 0.4485899 1

0.5670042 -0.6341861 -0.525656 0
-0.6052421 -0.7536269 0.256375 0
-0.5587384 0.1727833 -0.8111458 0
0.2930417 0.6431401 0.539993 1

-0.1337176 0.8744467 -0.4663286 0
-0.9874163 -0.1576503 -0.01248457 0
-0.08443394 0.4587911 0.8845235 0
0.3312114 0.6414009 0.3484128 1

0.614205 -0.5014665 -0.6093305 0
-0.2701818 -0.8591016 0.4346796 0
-0.7414541 -0.1023523 -0.6631514 0
0.1870217 0.7913458 0.4948456 1

0.5670042 -0.6341861 -0.525656 0
-0.6052421 -0.7536269 0.256375 0
-0.5587384 0.1727833 -0.8111458 0
0.2520686 0.5921216 0.5573488 1

-0.1337176 0.8744467 -0.4663286 0
-0.9874163 -0.1576503 -0.01248457 0
-0.08443394 0.4587911 0.8845235 0
0.2611745 0.6302189 0.3475272 1

0.614205 -0.5014665 -0.6093305 0
-0.2701818 -0.8591016 0.4346796 0
-0.7414541 -0.1023523 -0.6631514 0
0.1653389 0.7224004 0.5297298 1

0.9987362 -0.02199082 -0.0451932 0
0.0246477 0.9979478 0.05909875 0
0.04380083 -0.06013798 0.9972286 0
-0.01289745 0.8879977 -0.01114206 1

0.9997905 -0.01910796 0.007325489 0
0.01641042 0.9624824 0.2708476 0
-0.012226 -0.2706707 0.9625944 0
-0.009699916 0.9946676 0.007619958 1

-0.9885571 0.1472775 -0.03262957 0
-0.1349606 -0.7668707 0.6274514 0
0.06738684 0.624675 0.7779717 0
-0.1509864 0.8197166 -0.007893993 1

-0.9830583 -0.1118297 0.1452255 0
0.1223279 -0.9903283 0.06546616 0
0.1364999 0.08212218 0.9872304 0
0.1217879 0.8137109 -0.02023707 1

0.9947382 -0.01957628 0.1005616 0
-0.008867115 0.9614391 0.2748749 0
-0.1020649 -0.2743202 0.9562066 0
-0.007556168 1.1204 0.04300169 1

-0.9891257 0.1238472 0.07932591 0
-0.1268919 -0.9913148 -0.03454672 0
0.07435844 -0.04423697 0.99625 0
-0.1995043 0.5440292 0.2176727 1

-0.9968401 0.07334254 0.03050539 0
-0.07862307 -0.8562842 -0.5104859 0
-0.01131902 -0.5112713 0.859345 0
0.1657644 0.4576913 0.003297794 1

0.9810972 -0.02791296 0.1914924 0
-0.02402544 0.9643173 0.2636566 0
-0.1920189 -0.2632734 0.9454184 0
-0.008710716 1.245584 0.07879189 1

-0.998415 -0.03535073 0.04379847 0
0.05518258 -0.7680414 0.6380186 0
0.01108461 0.639424 0.7687744 0
-0.2431669 0.2029244 0.2057854 1

-0.9967058 0.0368799 0.07223171 0
0.02686691 -0.6901931 0.7231262 0
0.07652266 0.7226848 0.6869287 0
0.1387107 0.1630495 -0.172357 1

0.9957609 -0.07474453 0.0536041 0
0.05749251 0.9606961 0.2715837 0
-0.07179666 -0.2673506 0.9609209 0
-0.01841527 1.478145 0.1630346 1

-0.1634306 -0.2737328 0.9478191 0
-0.9825758 -0.04103862 -0.1812756 0
0.08851821 -0.96093 -0.2622563 0
-0.09626185 1.416936 0.05343011 1

0.1734394 0.3899539 -0.9043534 0
0.9759681 -0.1910662 0.104787 0
-0.1319291 -0.9007941 -0.4137209 0
0.0911977 1.411603 0.09001879 1

-0.9957947 -0.08778428 0.02621504 0
0.04257559 -0.1900509 0.9808508 0
-0.08112109 0.9778419 0.192989 0
-0.2314197 0.03942364 0.3416068 1

-0.9807522 1.449324E-05 0.1952563 0
0.1943981 -0.09358007 0.9764488 0
0.01828623 0.9956117 0.09177602 0
0.1444302 0.01612121 -0.0184179 1

0.9992031 -0.03321394 -0.02213475 0
0.03602682 0.9892161 0.1419638 0
0.01718088 -0.1426481 0.9896244 0
-0.01772745 1.546538 0.2456223 1

-0.06990042 -0.4369782 0.8967521 0
-0.2551999 -0.8612032 -0.439548 0
0.9643586 -0.2595756 -0.05131841 0
-0.2734744 1.409534 0.02073613 1

0.274885 -0.1698963 -0.9463475 0
0.2448211 -0.9394534 0.2397715 0
-0.9297856 -0.2975951 -0.2166475 0
0.2664334 1.377297 0.1088334 1

-0.9957947 -0.08778428 0.02621504 0
0.04257559 -0.1900509 0.9808508 0
-0.08112109 0.9778419 0.192989 0
-0.2242312 0.007335901 0.5072118 1

-0.9807522 1.449324E-05 0.1952563 0
0.1943981 -0.09358007 0.9764488 0
0.01828623 0.9956117 0.09177602 0
0.177252 0.0003213882 0.146444 1

0.9992031 -0.03321394 -0.02213475 0
0.03602682 0.9892161 0.1419638 0
0.01718088 -0.1426481 0.9896244 0
-0.01039267 1.74967 0.2719206 1

0.6597326 -0.2270173 0.7163912 0
-0.09152846 -0.9704574 -0.2232388 0
0.7459062 0.08170771 -0.6610206 0
-0.3408856 1.182047 -0.09537087 1

0.709127 -0.4644469 -0.5304982 0
-0.02752265 -0.7700535 0.6373856 0
-0.7045435 -0.4373862 -0.5588487 0
0.3311031 1.129139 0.1721693 1

0.6597326 -0.2270173 0.7163912 0
-0.09152846 -0.9704574 -0.2232388 0
0.7459062 0.08170771 -0.6610206 0
-0.3653727 0.9224163 -0.1550949 1

0.5611024 -0.23497 -0.793696 0
0.1122988 -0.9283895 0.3542347 0
-0.8200935 -0.2878928 -0.4945349 0
0.3237398 0.9231234 0.3426917 1

0.4404749 -0.6070729 -0.6613959 0
-0.2239911 -0.7877287 0.5738566 0
-0.8693734 -0.1046224 -0.4829538 0
0.3080317 0.7764508 0.4840458 1

-0.700097 0.01470765 -0.7138965 0
-0.5077503 -0.7132086 0.4832422 0
-0.50205 0.7007977 0.5067831 0
0.3956086 0.7357029 0.3229525 1

0.3929274 -0.9133964 -0.1063745 0
-0.5881252 -0.338542 0.7345054 0
-0.7069067 -0.2260455 -0.6702139 0
0.2554907 0.9016667 0.3784507 1

0.5405721 -0.6450118 -0.5401313 0
-0.5440655 -0.7577229 0.3603454 0
-0.6416969 0.09907434 -0.7605327 0
0.2912003 0.7172579 0.5271676 1

-0.4227107 0.5770054 -0.6988426 0
-0.8700275 -0.4742484 0.1346879 0
-0.2537094 0.6649464 0.7024803 0
0.3598415 0.685463 0.3569931 1

0.5064341 -0.7189879 -0.476006 0
-0.4708718 -0.6930521 0.5458555 0
-0.7223604 -0.0523019 -0.6895363 0
0.1938963 0.8662112 0.4553755 1

0.5761191 -0.6796224 -0.4540931 0
-0.6824232 -0.70572 0.1904145 0
-0.4498724 0.2001824 -0.8703688 0
0.250453 0.6605091 0.5541551 1

-0.04057706 0.8648404 -0.5004047 0
-0.9923705 -0.09323819 -0.08067279 0
-0.1164259 0.4933135 0.8620253 0
0.2982531 0.6518913 0.3665276 1

0.6471897 -0.5298575 -0.5480848 0
-0.3023494 -0.8384041 0.4535014 0
-0.6998075 -0.1277882 -0.7028087 0
0.1538781 0.8073103 0.5017664 1

0.5761191 -0.6796224 -0.4540931 0
-0.6824232 -0.70572 0.1904145 0
-0.4498724 0.2001824 -0.8703688 0
0.204255 0.6127339 0.5670459 1

-0.04057706 0.8648404 -0.5004047 0
-0.9923705 -0.09323819 -0.08067279 0
-0.1164259 0.4933135 0.8620253 0
0.2278648 0.645278 0.3608055 1

0.6471897 -0.5298575 -0.5480848 0
-0.3023494 -0.8384041 0.4535014 0
-0.6998075 -0.1277882 -0.7028087 0
0.1296137 0.7400261 0.5381612 1

0.9982194 -0.01365325 -0.05806474 0
0.01663251 0.998553 0.05113944 0
0.05728251 -0.05201414 0.9970021 0
-0.01769789 0.8836465 -0.01096487 1

0.9999341 -0.01134464 0.001757078 0
0.01049777 0.9655562 0.2599827 0
-0.004645966 -0.2599472 0.9656117 0
-0.01519545 0.9904826 0.006937609 1

-0.9889877 0.1477567 -0.008451328 0
-0.1231535 -0.7899529 0.6006728 0
0.08207724 0.5950989 0.7994502 0
-0.1551268 0.8141942 -0.00539144 1

-0.9787711 -0.1260554 0.1616079 0
0.1329246 -0.9905971 0.03237885 0
0.1560068 0.05317317 0.9863237 0
0.1175063 0.8104657 -0.02124999 1

0.9942708 -0.01174983 0.1062429 0
-0.01618652 0.9659273 0.2583068 0
-0.1056579 -0.2585467 0.9602031 0
-0.0138241 1.116616 0.04090002 1

-0.9844275 0.1579995 0.07706361 0
-0.1439369 -0.9761319 0.1626307 0
0.1009198 0.1490058 0.9836729 0
-0.1994001 0.5302088 0.2105484 1

-0.9965721 0.06986271 0.04430825 0
-0.08271247 -0.8308512 -0.5503134 0
-0.001632813 -0.5520918 0.8337817 0
0.1652923 0.4543493 -0.009609904 1

0.9779267 -0.02066569 0.2079239 0
-0.0308489 0.9699125 0.2414916 0
-0.2066586 -0.2425753 0.9478657 0
-0.01593167 1.242385 0.07453299 1

-0.9973686 0.009245089 0.07190517 0
0.05043253 -0.624038 0.7797648 0
0.05208053 0.7813395 0.6219296 0
-0.2489278 0.1943282 0.2665085 1

-0.9965916 0.02674028 0.07804024 0
0.03451489 -0.7240691 0.6888633 0
0.07492693 0.6892089 0.7206783 0
0.1368315 0.168459 -0.1989691 1

0.9952464 -0.07334132 0.06407697 0
0.05286714 0.9594157 0.276995 0
-0.08179162 -0.2722907 0.9587324 0
-0.0276169 1.476747 0.153359 1

-0.2053111 -0.2524301 0.9455826 0
-0.9757208 -0.02249498 -0.2178601 0
0.07626535 -0.9673536 -0.2416829 0
-0.1035108 1.412861 0.04391254 1

0.1871937 0.3698613 -0.9100336 0
0.9752029 -0.1813091 0.1269103 0
-0.1180581 -0.9112243 -0.3946298 0
0.08334298 1.408913 0.08364086 1

-0.9949234 -0.0545832 0.08454805 0
0.08314091 0.02755951 0.9961568 0
-0.05670351 0.9981291 -0.02288149 0
-0.2381918 0.06148303 0.4325049 1

-0.9815717 -0.004920991 0.1910308 0
0.1907285 -0.08704355 0.9777763 0
0.01181641 0.9961924 0.0863779 0
0.144179 0.01431906 -0.05232386 1

0.9992788 -0.03443102 -0.01601424 0
0.03631814 0.9897246 0.1382971 0
0.01108798 -0.138779 0.9902613 0
-0.02794686 1.544725 0.2362903 1

-0.1111941 -0.4741016 0.8734206 0
-0.2286279 -0.8430939 -0.4867463 0
0.9671428 -0.2538117 -0.01464576 0
-0.279487 1.408804 0.004620354 1

0.2901911 -0.1854036 -0.9388369 0
0.222813 -0.9410003 0.2547016 0
-0.9306682 -0.2830972 -0.2317595 0
0.2584412 1.376359 0.1064277 1

-0.9949234 -0.0545832 0.08454805 0
0.08314091 0.02755951 0.9961568 0
-0.05670351 0.9981291 -0.02288149 0
-0.2241544 0.06613612 0.6006942 1

-0.9815717 -0.004920991 0.1910308 0
0.1907285 -0.08704355 0.9777763 0
0.01181641 0.9961924 0.0863779 0
0.1763813 -0.000377059 0.1127621 1

0.9992788 -0.03443102 -0.01601424 0
0.03631814 0.9897246 0.1382971 0
0.01108798 -0.138779 0.9902613 0
-0.02053517 1.747951 0.2618353 1

0.6366179 -0.2361406 0.7341356 0
-0.07859521 -0.9668753 -0.2428481 0
0.7671638 0.09690182 -0.6340896 0
-0.3398792 1.1861 -0.1239541 1

0.7096262 -0.4943461 -0.5020484 0
-0.06235512 -0.7538185 0.6541176 0
-0.7018136 -0.4328736 -0.5657544 0
0.3172975 1.127792 0.1737073 1

0.6366179 -0.2361406 0.7341356 0
-0.07859521 -0.9668753 -0.2428481 0
0.7671638 0.09690182 -0.6340896 0
-0.3609062 0.9274279 -0.1889243 1

0.5871473 -0.268237 -0.7637452 0
0.07990908 -0.919686 0.3844374 0
-0.8055261 -0.2867517 -0.5185567 0
0.3006153 0.9261202 0.3487061 1

0.4657933 -0.6341388 -0.6171747 0
-0.2845512 -0.7677513 0.5740981 0
-0.8378946 -0.09179323 -0.5380584 0
0.2764626 0.7839152 0.4933954 1

-0.654269 0.002990357 -0.756256 0
-0.5582385 -0.6765356 0.4802807 0
-0.5101979 0.7364037 0.4443057 0
0.3694883 0.7369013 0.3371359 1

0.3931349 -0.9178464 -0.05480054 0
-0.6236442 -0.3099675 0.7176266 0
-0.6756573 -0.2479481 -0.6942686 0
0.2306015 0.9069815 0.3823037 1

0.5567713 -0.6783389 -0.4794391 0
-0.6199537 -0.7234873 0.3036829 0
-0.5528679 0.1281481 -0.8233559 0
0.2550803 0.7262235 0.5365354 1

-0.3411755 0.5750549 -0.74358 0
-0.9003219 -0.4273086 0.08262972 0
-0.2702215 0.6976526 0.6635218 0
0.3301648 0.6892446 0.370968 1

0.5337315 -0.7330971 -0.4215441 0
-0.5071127 -0.6763718 0.5341891 0
-0.676733 -0.07134315 -0.7327639 0
0.1652872 0.8745187 0.4574607 1

0.5789845 -0.7194834 -0.3835631 0
-0.7526361 -0.6525392 0.08792895 0
-0.3135534 0.237774 -0.9193195 0
0.2086496 0.6720389 0.5592793 1

0.06324347 0.8559964 -0.5130992 0
-0.9863975 -0.02454812 -0.1625345 0
-0.1517245 0.5163989 0.8428001 0
0.2664319 0.6589957 0.3768172 1

0.6814104 -0.5469744 -0.4863114 0
-0.3335572 -0.8235165 0.4588689 0
-0.6514749 -0.1504654 -0.7435999 0
0.1221889 0.8170354 0.5028602 1

0.5789845 -0.7194834 -0.3835631 0
-0.7526361 -0.6525392 0.08792895 0
-0.3135534 0.237774 -0.9193195 0
0.1576983 0.6278638 0.5652319 1

0.06324347 0.8559964 -0.5130992 0
-0.9863975 -0.02454812 -0.1625345 0
-0.1517245 0.5163989 0.8428001 0
0.1964673 0.6572547 0.3652887 1

0.6814104 -0.5469744 -0.4863114 0
-0.3335572 -0.8235165 0.4588689 0
-0.6514749 -0.1504654 -0.7435999 0
0.09542006 0.750946 0.5396855 1

0.997487 -0.005357407 -0.0706471 0
0.008448621 0.9990164 0.04352978 0
0.0703444 -0.04401726 0.9965512 0
-0.02318065 0.8756688 -0.008490883 1

0.9999861 -0.003486193 -0.003984213 0
0.004372479 0.9681599 0.2502948 0
0.00298477 -0.2503087 0.9681615 0
-0.02139668 0.9826542 0.008586893 1

-0.9901202 0.1401952 -0.002757974 0
-0.115288 -0.8027037 0.5851288 0
0.07981843 0.5796657 0.8109357 0
-0.1599087 0.8050609 -0.000656832 1

-0.9747131 -0.142514 0.1721176 0
0.1448225 -0.9894574 0.000865004 0
0.1701797 0.02576965 0.9850761 0
0.1125244 0.8035981 -0.01995188 1

0.9938977 -0.003827934 0.1102396 0
-0.02336346 0.9694178 0.2443019 0
-0.1078035 -0.2453867 0.9634126 0
-0.02082549 1.109128 0.04128373 1

-0.9860791 0.1629816 0.03294469 0
-0.1474072 -0.9485167 0.2803348 0
0.07693797 0.271576 0.9593368 0
-0.2013544 0.5164915 0.209695 1

-0.9965297 0.06266551 0.05479127 0
-0.08300114 -0.7979674 -0.5969583 0
0.006312892 -0.5994343 0.8003991 0
0.1645876 0.4478914 -0.01964091 1

0.9751052 -0.01325936 0.2213461 0
-0.03744093 0.9740332 0.2232879 0
-0.2185591 -0.2260166 0.9492885 0
-0.02386754 1.235352 0.07309318 1

-0.9986393 0.01762366 0.04908737 0
0.03502085 -0.4708526 0.8815167 0
0.03864845 0.8820361 0.4695944 0
-0.2520762 0.1901132 0.3061564 1

-0.9957307 0.02817127 0.08790378 0
0.03706168 -0.7501535 0.6602243 0
0.08454065 0.6606636 0.7459067 0
0.1360275 0.1733162 -0.2250503 1

0.9948624 -0.07036596 0.07278378 0
0.04708212 0.9580582 0.2826793 0
-0.08962214 -0.2778001 0.9564491 0
-0.03742076 1.471066 0.1474587 1

-0.2436449 -0.2354346 0.9408548 0
-0.967517 -0.008457405 -0.2526655 0
0.06744339 -0.9718536 -0.2257263 0
-0.111614 1.404916 0.03819156 1

0.194243 0.3557687 -0.9141654 0
0.9755186 -0.1680208 0.1418904 0
-0.1031184 -0.9193466 -0.3796959 0
0.07470066 1.402383 0.08048447 1

-0.9958311 -0.05564264 0.07228187 0
0.05714518 0.2370915 0.9698052 0
-0.07109992 0.9698928 -0.2329234 0
-0.244621 0.08987808 0.4938137 1

-0.9816669 -0.001791507 0.1905978 0
0.190164 -0.07727852 0.9787061 0
0.01297576 0.9970081 0.0762025 0
0.1439172 0.01362348 -0.08450174 1

0.9993649 -0.03387503 -0.01106628 0
0.03506082 0.9902102 0.1351093 0
0.006381072 -0.1354115 0.9907689 0
-0.03873867 1.538589 0.2307518 1

-0.1513953 -0.5033017 0.8507448 0
-0.1990908 -0.8275015 -0.5249803 0
0.9682162 -0.248855 0.0250769 0
-0.2861106 1.403391 -0.007377909 1

0.3025318 -0.1886056 -0.9342927 0
0.2137743 -0.9418277 0.2593483 0
-0.928857 -0.2781886 -0.244614 0
0.2498556 1.372215 0.105961 1

-0.9958311 -0.05564264 0.07228187 0
0.05714518 0.2370915 0.9698052 0
-0.07109992 0.9698928 -0.2329234 0
-0.2349727 0.1299084 0.6575538 1

-0.9816669 -0.001791507 0.1905978 0
0.190164 -0.07727852 0.9787061 0
0.01297576 0.9970081 0.0762025 0
0.1760241 0.0005758405 0.08074129 1

0.9993649 -0.03387503 -0.01106628 0
0.03506082 0.9902102 0.1351093 0
0.006381072 -0.1354115 0.9907689 0
-0.03157136 1.741904 0.2556421 1

0.6177414 -0.272055 0.7378222 0
-0.07875517 -0.9549362 -0.286173 0
0.7824279 0.1186735 -0.6113293 0
-0.3387006 1.184806 -0.146052 1

0.7123975 -0.5209052 -0.4702639 0
-0.0964295 -0.7364085 0.6696297 0
-0.6951197 -0.4316951 -0.5748463 0
0.3063243 1.12343 0.1744681 1

0.6177414 -0.272055 0.7378222 0
-0.07875517 -0.9549362 -0.286173 0
0.7824279 0.1186735 -0.6113293 0
-0.3597703 0.9293275 -0.2226131 1

0.6103174 -0.2946657 -0.7353131 0
0.04955443 -0.9122216 0.4066895 0
-0.7906057 -0.2846475 -0.5421429 0
0.2805261 0.9264153 0.353617 1

0.4894276 -0.6555865 -0.5750371 0
-0.343029 -0.7509878 0.5642238 0
-0.8017432 -0.07889226 -0.5924394 0
0.2485476 0.7878435 0.5002998 1

-0.6065028 -0.008382416 -0.7950376 0
-0.6064014 -0.6418505 0.469367 0
-0.5142296 0.7667843 0.3842011 0
0.3464736 0.7358697 0.348674 1

0.3942478 -0.918962 -0.008861426 0
-0.6556117 -0.2879977 0.6980193 0
-0.6440049 -0.2693828 -0.7160246 0
0.208991 0.9091852 0.384968 1

0.5682141 -0.7076171 -0.4200134 0
-0.6893142 -0.6880784 0.2267022 0
-0.4494205 0.1607056 -0.8787464 0
0.222771 0.7314115 0.5426977 1

-0.255493 0.5734864 -0.7783554 0
-0.9240227 -0.3817 0.02207402 0
-0.284439 0.724858 0.6274364 0
0.3037575 0.6906562 0.3817373 1

0.5608616 -0.740808 -0.3696468 0
-0.5389559 -0.66562 0.516214 0
-0.6284593 -0.09030128 -0.7725834 0
0.1403287 0.8790232 0.4580716 1

0.5731462 -0.7561089 -0.3159173 0
-0.8041706 -0.5930867 -0.03947005 0
-0.1575228 0.2766733 -0.9479657 0
0.1711457 0.6798786 0.5596763 1

0.1690739 0.8448021 -0.5076649 0
-0.9675215 0.0440504 -0.248922 0
-0.187927 0.533263 0.8248121 0
0.2383467 0.663636 0.3832999 1

0.7140015 -0.5563631 -0.4250441 0
-0.3609274 -0.8126835 0.4574682 0
-0.5999446 -0.1732228 -0.781064 0
0.09452418 0.8224538 0.5019434 1

0.5731462 -0.7561089 -0.3159173 0
-0.8041706 -0.5930867 -0.03947005 0
-0.1575228 0.2766733 -0.9479657 0
0.1167057 0.6397284 0.5570043 1

0.1690739 0.8448021 -0.5076649 0
-0.9675215 0.0440504 -0.248922 0
-0.187927 0.533263 0.8248121 0
0.1697209 0.6667606 0.3656439 1

0.7140015 -0.5563631 -0.4250441 0
-0.3609274 -0.8126835 0.4574682 0
-0.5999446 -0.1732228 -0.781064 0
0.06555877 0.7572337 0.5386564 1

0.996613 0.002475599 -0.08219782 0
0.0005390571 0.9993286 0.03663319 0
0.08223332 -0.03655342 0.9959425 0
-0.02983093 0.8638597 -0.003430562 1

0.9999453 0.004483695 -0.009456709 0
-0.002055084 0.9701107 0.2426538 0
0.01026205 -0.2426211 0.9700668 0
-0.0287505 0.9709715 0.01289731 1

-0.9913012 0.1315934 -0.002318069 0
-0.1044344 -0.7757475 0.6223419 0
0.08009786 0.6171702 0.7827421 0
-0.1658598 0.7921695 0.006472151 1

-0.9700809 -0.1624449 0.1804299 0
0.1593426 -0.9867157 -0.03165606 0
0.1831754 -0.00195876 0.9830783 0
0.1063346 0.7928461 -0.01597762 1

0.993613 0.004145765 0.1127654 0
-0.03065487 0.9716597 0.2343875 0
-0.1085979 -0.2363473 0.9655809 0
-0.02901896 1.0977 0.04459599 1

-0.9898252 0.1311658 -0.05515583 0
-0.1412525 -0.952517 0.2697392 0
-0.01715635 0.2747855 0.9613524 0
-0.2034036 0.5132909 0.230202 1

-0.9966076 0.0518311 0.06392851 0
-0.08087757 -0.7605977 -0.6441662 0
0.01523601 -0.6471514 0.7622093 0
0.1636177 0.4381251 -0.02735787 1

0.9727613 -0.005895252 0.2317345 0
-0.04438759 0.9764414 0.211168 0
-0.22752 -0.2157021 0.9495826 0
-0.0330104 1.224216 0.07511453 1

-0.9989551 -0.03879904 -0.02416143 0
-0.009226076 -0.3465678 0.9379796 0
-0.04476631 0.9372223 0.3458475 0
-0.2520077 0.1855361 0.3230174 1

-0.9941614 0.03533004 0.1019565 0
0.03812955 -0.768898 0.6382337 0
0.100943 0.6383947 0.7630613 0
0.1357883 0.1764085 -0.2490112 1

0.9946805 -0.06565049 0.07937922 0
0.04006463 0.9564843 0.2890198 0
-0.09489926 -0.284302 0.9540265 0
-0.04845942 1.460735 0.1464972 1

-0.275568 -0.2253823 0.9344866 0
-0.9591099 -0.00084563 -0.283033 0
0.0645808 -0.97427 -0.2159334 0
-0.1211805 1.392924 0.03725797 1

0.1949791 0.349557 -0.9164023 0
0.9767765 -0.1538271 0.1491482 0
-0.08883177 -0.9242007 -0.3714321 0
0.06468633 1.391798 0.0815358 1

-0.9972512 -0.06853181 0.02817577 0
0.003673874 0.3340518 0.9425476 0
-0.07400669 0.9400601 -0.3328818 0
-0.2539718 0.1117588 0.5226945 1

-0.9817738 0.0007958829 0.190052 0
0.1896041 -0.06463934 0.9797305 0
0.01306459 0.9979085 0.06331032 0
0.1439053 0.01272553 -0.113144 1

0.9994884 -0.03104701 -0.007701434 0
0.03179613 0.990598 0.1330578 0
0.003498025 -0.1332346 0.9910784 0
-0.05071813 1.527721 0.2302016 1

-0.187095 -0.5284059 0.8281199 0
-0.1669252 -0.8136448 -0.5568826 0
0.9680558 -0.242424 0.06402455 0
-0.2941608 1.392772 -0.01378844 1

0.3114379 -0.1778779 -0.9334698 0
0.2159071 -0.9433874 0.251802 0
-0.925414 -0.2799635 -0.2554016 0
0.2400671 1.364178 0.1083155 1

-0.9972512 -0.06853181 0.02817577 0
0.003673874 0.3340518 0.9425476 0
-0.07400669 0.9400601 -0.3328818 0
-0.2533514 0.1681594 0.6818326 1

-0.9817738 0.0007958829 0.190052 0
0.1896041 -0.06463934 0.9797305 0
0.01306459 0.9979085 0.06331032 0
0.1759177 0.001811922 0.05227197 1

0.9994884 -0.03104701 -0.007701434 0
0.03179613 0.990598 0.1330578 0
0.003498025 -0.1332346 0.9910784 0
-0.04421173 1.73111 0.2546705 1

0.6046415 -0.3134837 0.7322137 0
-0.08308169 -0.9390994 -0.3334516 0
0.7921531 0.140785 -0.5938631 0
-0.3382543 1.177847 -0.1608895 1

0.7155653 -0.5496861 -0.4310589 0
-0.1354402 -0.7145447 0.686354 0
-0.6852903 -0.4327483 -0.5857529 0
0.2970992 1.114982 0.1748292 1

0.6046415 -0.3134837 0.7322137 0
-0.08308169 -0.9390994 -0.3334516 0
0.7921531 0.140785 -0.5938631 0
-0.3604815 0.9266056 -0.2500992 1

0.6254365 -0.3243105 -0.7096844 0
0.01419183 -0.9046524 0.425914 0
-0.7801461 -0.276454 -0.5612 0
0.2608643 0.9238165 0.3584525 1

0.5025333 -0.6796627 -0.5343397 0
-0.4030207 -0.7309504 0.5507142 0
-0.7648758 -0.06140231 -0.641245 0
0.220899 0.7890853 0.5067456 1

-0.5612147 -0.01708138 -0.8274939 0
-0.6553532 -0.6014732 0.4568831 0
-0.5055196 0.7987103 0.3263612 0
0.322183 0.7316697 0.3593476 1

0.3869863 -0.9214526 0.03415797 0
-0.6844376 -0.2622282 0.6802808 0
-0.6178893 -0.2866381 -0.7321554 0
0.1879811 0.9089665 0.3878556 1

0.5657365 -0.7406438 -0.3624765 0
-0.7524981 -0.6434701 0.1403303 0
-0.3371775 0.1933728 -0.9213676 0
0.1906145 0.7341589 0.5481284 1

-0.1661662 0.5701888 -0.8045334 0
-0.9433074 -0.3296453 -0.03879801 0
-0.2873327 0.7524751 0.592639 0
0.2760186 0.6893007 0.3915315 1

0.5784149 -0.7505057 -0.3196526 0
-0.5708736 -0.6523236 0.498575 0
-0.5827004 -0.1059019 -0.8057576 0
0.1162999 0.8815033 0.4591013 1

0.549848 -0.7960487 -0.2529299 0
-0.8352216 -0.5209246 -0.1761891 0
0.00849767 0.3081295 -0.9513064 0
0.134257 0.685967 0.5586383 1

0.2775116 0.8264046 -0.4899417 0
-0.9359739 0.1175573 -0.3318635 0
-0.216657 0.5506684 0.8061165 0
0.2092428 0.6659653 0.3887851 1

0.7370968 -0.5683385 -0.3656227 0
-0.390709 -0.7998405 0.4556334 0
-0.5513938 -0.1929938 -0.8116147 0
0.06778273 0.8260639 0.5014741 1

0.549848 -0.7960487 -0.2529299 0
-0.8352216 -0.5209246 -0.1761891 0
0.00849767 0.3081295 -0.9513064 0
0.07771495 0.6507019 0.5467107 1

0.2775116 0.8264046 -0.4899417 0
-0.9359739 0.1175573 -0.3318635 0
-0.216657 0.5506684 0.8061165 0
0.1428545 0.6743035 0.3652461 1

0.7370968 -0.5683385 -0.3656227 0
-0.390709 -0.7998405 0.4556334 0
-0.5513938 -0.1929938 -0.8116147 0
0.03642726 0.7618744 0.53804 1

0.9957172 0.0094442 -0.09196714 0
-0.006636108 0.9995038 0.03079171 0
0.09221231 -0.03004953 0.9952859 0
-0.03806172 0.8479963 0.004569872 1

0.9998197 0.01257937 -0.01421925 0
-0.008836038 0.9712424 0.2379287 0
0.01680334 -0.2377602 0.9711785 0
-0.03762952 0.9552078 0.02026081 1

-0.9950548 0.09843697 0.01328948 0
-0.06553659 -0.7511591 0.6568603 0
0.07464181 0.6527407 0.7538953 0
-0.1734434 0.7753505 0.01622263 1

-0.9637623 -0.1872512 0.1899982 0
0.1773891 -0.9818023 -0.06780414 0
0.199237 -0.03164345 0.9794403 0
0.09850636 0.7779303 -0.008895336 1

0.9934037 0.01210734 0.1140278 0
-0.03826207 0.9724177 0.2300868 0
-0.1080969 -0.232932 0.9664666 0
-0.0387838 1.082084 0.05134223 1

-0.9894892 0.09952981 -0.1049066 0
-0.1202473 -0.9692745 0.2145879 0
-0.08032549 0.2249469 0.9710545 0
-0.1970036 0.5053113 0.2523617 1

-0.9966222 0.03813523 0.07273263 0
-0.07812349 -0.7132961 -0.6964952 0
0.02531888 -0.6998246 0.7138659 0
0.1622772 0.4249756 -0.0332707 1

0.9710065 0.001182101 0.2390503 0
-0.05220855 0.9768966 0.2072369 0
-0.2332824 -0.2137089 0.9486347 0
-0.04376573 1.208699 0.08130078 1

-0.9955717 -0.01358533 -0.09302043 0
-0.08580399 -0.2729389 0.9581976 0
-0.03840632 0.9619356 0.2705644 0
-0.2383799 0.1717902 0.3261999 1

-0.9915025 0.04327282 0.1226808 0
0.04046014 -0.7937033 0.6069583 0
0.1236369 0.6067643 0.7852077 0
0.1353954 0.1795352 -0.2729301 1

0.9946998 -0.05766088 0.08513124 0
0.03055681 0.9563259 0.290701 0
-0.09817528 -0.2865589 0.9530191 0
-0.06126131 1.445371 0.1516953 1

-0.2982613 -0.2249062 0.9276085 0
-0.9519078 -0.00127086 -0.3063824 0
0.0700862 -0.9743796 -0.213711 0
-0.1327234 1.3767 0.04216334 1

0.1897146 0.3523774 -0.9164272 0
0.9788299 -0.1409048 0.1484534 0
-0.07681725 -0.9251899 -0.3716491 0
0.05280814 1.376926 0.08783901 1

-0.9959146 -0.07806486 -0.04539526 0
-0.07006314 0.350807 0.9338233 0
-0.05697377 0.9331885 -0.3548433 0
-0.2566458 0.113687 0.5301811 1

-0.9816447 0.003317851 0.1906904 0
0.1902006 -0.0566514 0.9801094 0
0.01405475 0.9983886 0.0549805 0
0.1440085 0.0105716 -0.1437208 1

0.9996241 -0.02658273 -0.006688975 0
0.02724141 0.9905272 0.1345877 0
0.003047943 -0.1347194 0.9908789 0
-0.06455828 1.512206 0.2354864 1

-0.2132437 -0.5552056 0.8039115 0
-0.1361215 -0.7979287 -0.5871807 0
0.9674701 -0.2346422 0.09457775 0
-0.3044048 1.376471 -0.01309427 1

0.3162951 -0.1521773 -0.9363758 0
0.2273096 -0.9461392 0.230546 0
-0.9210256 -0.2857676 -0.2646678 0
0.2285576 1.351626 0.1144939 1

-0.9959146 -0.07806486 -0.04539526 0
-0.07006314 0.350807 0.9338233 0
-0.05697377 0.9331885 -0.3548433 0
-0.2684751 0.1729167 0.6878461 1

-0.9816447 0.003317851 0.1906904 0
0.1902006 -0.0566514 0.9801094 0
0.01405475 0.9983886 0.0549805 0
0.1761217 0.001006663 0.0217591 1

0.9996241 -0.02658273 -0.006688975 0
0.02724141 0.9905272 0.1345877 0
0.003047943 -0.1347194 0.9908789 0
-0.05898406 1.715585 0.2602695 1

0.6061221 -0.3389737 0.7195225 0
-0.08856612 -0.9277756 -0.362476 0
0.7904252 0.1559794 -0.5923669 0
-0.3403614 1.165697 -0.1681986 1

0.7152924 -0.5776398 -0.3933056 0
-0.1756048 -0.6933238 0.698903 0
-0.6764024 -0.4308535 -0.5973654 0
0.2886016 1.101703 0.1753928 1

0.6061221 -0.3389737 0.7195225 0
-0.08856612 -0.9277756 -0.362476 0
0.7904252 0.1559794 -0.5923669 0
-0.3640559 0.9174855 -0.2651734 1

0.6306505 -0.3553919 -0.6899111 0
-0.02334476 -0.8972685 0.4408677 0
-0.7757162 -0.2619274 -0.5741592 0
0.2416213 0.9162151 0.3623734 1

0.5038087 -0.7050709 -0.4990516 0
-0.4604818 -0.7080113 0.535422 0
-0.7308445 -0.039946 -0.6813744 0
0.1942146 0.785321 0.5119058 1

-0.5230107 -0.02231045 -0.8520344 0
-0.7012587 -0.5569327 0.4450421 0
-0.4844548 0.8302582 0.2756364 0
0.296911 0.7223215 0.3678027 1

0.3724822 -0.9253519 0.07058086 0
-0.7076058 -0.2339767 0.6667452 0
-0.6004592 -0.298294 -0.7419362 0
0.1676782 0.9041107 0.3903542 1

0.5491725 -0.7751079 -0.3124391 0
-0.8045303 -0.5915129 0.05332403 0
-0.2261434 0.2220827 -0.9484401 0
0.1596123 0.7321184 0.5521395 1

-0.08006079 0.5646936 -0.8214085 0
-0.9572397 -0.2733785 -0.09463969 0
-0.2779979 0.778708 0.562434 0
0.2475128 0.6830897 0.3991524 1

0.5857489 -0.7619527 -0.276274 0
-0.6007296 -0.6369752 0.4831013 0
-0.5440796 -0.1170099 -0.8308346 0
0.09357059 0.8796063 0.4601825 1

0.5105694 -0.8360431 -0.2008773 0
-0.8429672 -0.4406505 -0.3085995 0
0.1694857 0.3268943 -0.9297392 0
0.09935784 0.6878176 0.556133 1

0.3808772 0.8005846 -0.4625987 0
-0.8942191 0.191687 -0.4045108 0
-0.2351708 0.5677333 0.7889068 0
0.1797507 0.6637375 0.392453 1

0.7498728 -0.5826446 -0.3133959 0
-0.4206474 -0.7855198 0.4538886 0
-0.510634 -0.2085294 -0.8341272 0
0.04251604 0.8254712 0.50124 1

0.5105694 -0.8360431 -0.2008773 0
-0.8429672 -0.4406505 -0.3085995 0
